key,data.id,
charge.complete,chrg_test_627kkyjy1lc2q80ixg0,
,,1
,,1
,,1
,,1
,,1
,,1
,,1
,,1
,,1
,,1
,,1
,,1
,,1
,,1
,,1
,,1
,,1
,,1
,,1
,,1
,,1
,,1
,,1
,,1
,,1
,,1
,,1
,,1
,,1
,,1
,,1
,,1
,,1
,,1
,,1
,,1
,,1
,,1
,,1
,,1
,,1
,,1
,,1
,,1
,,1
,,1
,,1
,,1
,,1
,,1
,,1
,,1
,,1
,,1
,,1
,,1
,,1
,,1
,,1
,,1
,,1
,,1
,,1
,,1
,,1
,,1
,,1
,,1
,,1
,,1
,,1
,,1
,,1
,,1
,,1
,,1
,,1
,,1
,,1
,,1
,,1
,,1
,,1
,,1
,,1
,,1
,,1
,,1
,,1
,,1
,,1
,,1
,,1
,,1
,,1
,,1
,,1
,,1
,,1
,,1
,,1
,,1
,,1
,,1
,,1
,,1
,,1
,,1
,,1
,,1
,,1
,,1
,,1
,,1
,,1
,,1
,,1
,,1
,,1
,,1
,,1
,,1
,,1
,,1
,,1
,,1
,,1
,,1
,,1
,,1
,,1
,,1
,,1
,,1
,,1
,,1
,,1
,,1
,,1
,,1
,,1
,,1
,,1
,,1
,,1
,,1
,,1
,,1
,,1
,,1
,,1
,,1
,,1
,,1
,,1
,,1
,,1
,,1
,,1
,,1
,,1
,,1
,,1
,,1
,,1
,,1
,,1
,,1
,,1
,,1
,,1
,,1
,,1
,,1
,,1
,,1
,,1
,,1
,,1
,,1
,,1
,,1
,,1
,,1
,,1
,,1
,,1
,,1
,,1
,,1
,,1
,,1
,,1
,,1
,,1
,,1
,,1
,,1
,,1
,,1
,,1
,,1
,,1
,,1
,,1
,,1
,,1
,,1
,,1
,,1
,,1
,,1
,,1
,,1
,,1
,,1
,,1
,,1
,,1
,,1
,,1
,,1
,,1
,,1
,,1
,,1
,,1
,,1
,,1
,,1
,,1
,,1
,,1
,,1
,,1
,,1
,,1
,,1
,,1
,,1
,,1
,,1
,,1
,,1
,,1
,,1
,,1
,,1
,,1
,,1
,,1
,,1
,,1
,,1
,,1
,,1
,,1
,,1
,,1
,,1
,,1
,,1
,,1
,,1
,,1
,,1
,,1
,,1
,,1
,,1
,,1
,,1
,,1
,,1
,,1
,,1
,,1
,,1
,,1
,,1
,,1
,,1
,,1
,,1
,,1
,,1
,,1
,,1
,,1
,,1
,,1
,,1
,,1
,,1
,,1
,,1
,,1
,,1
,,1
,,1
,,1
,,1
,,1
,,1
,,1
,,1
,,1
,,1
,,1
,,1
,,1
,,1
,,1
,,1
,,1
,,1
,,1
,,1
,,1
,,1
,,1
,,1
,,1
,,1
,,1
,,1
,,1
,,1
,,1
,,1
,,1
,,1
,,1
,,1
,,1
,,1
,,1
,,1
,,1
,,1
,,1
,,1
,,1
,,1
,,1
,,1
,,1
,,1
,,1
,,1
,,1
,,1
,,1
,,1
,,1
,,1
,,1
,,1
,,1
,,1
,,1
,,1
,,1
,,1
,,1
,,1
,,1
,,1
,,1
,,1
,,1
,,1
,,1
,,1
,,1
,,1
,,1
,,1
,,1
,,1
,,1
,,1
,,1
,,1
,,1
,,1
,,1
,,1
,,1
,,1
,,1
,,1
,,1
,,1
,,1
,,1
,,1
,,1
,,1
,,1
,,1
,,1
,,1
,,1
,,1
,,1
,,1
,,1
,,1
,,1
,,1
,,1
,,1
,,1
,,1
,,1
,,1
,,1
,,1
,,1
,,1
,,1
,,1
,,1
,,1
,,1
,,1
,,1
,,1
,,1
,,1
,,1
,,1
,,1
,,1
,,1
,,1
,,1
,,1
,,1
,,1
,,1
,,1
,,1
,,1
,,1
,,1
,,1
,,1
,,1
,,1
,,1
,,1
,,1
,,1
,,1
,,1
,,1
,,1
,,1
,,1
,,1
,,1
,,1
,,1
,,1
,,1
,,1
,,1
,,1
,,1
,,1
,,1
,,1
,,1
,,1
,,1
,,1
,,1
,,1
,,1
,,1
,,1
,,1
,,1
,,1
,,1
,,1
,,1
,,1
,,1
,,1
,,1
,,1
,,1
,,1
,,1
,,1
,,1
,,1
,,1
,,1
,,1
,,1
,,1
,,1
,,1
,,1
,,1
,,1
,,1
,,1
,,1
,,1
,,1
,,1
,,1
,,1
,,1
,,1
,,1
,,1
,,1
,,1
,,1
,,1
,,1
,,1
,,1
,,1
,,1
,,1
,,1
,,1
,,1
,,1
,,1
,,1
,,1
,,1
,,1
,,1
,,1
,,1
,,1
,,1
,,1
,,1
,,1
,,1
,,1
,,1
,,1
,,1
,,1
,,1
,,1
,,1
,,1
,,1
,,1
,,1
,,1
,,1
,,1
,,1
,,1
,,1
,,1
,,1
,,1
,,1
,,1
,,1
,,1
,,1
,,1
,,1
,,1
,,1
,,1
,,1
,,1
,,1
,,1
,,1
,,1
,,1
,,1
,,1
,,1
,,1
,,1
,,1
,,1
,,1
,,1
,,1
,,1
,,1
,,1
,,1
,,1
,,1
,,1
,,1
,,1
,,1
,,1
,,1
,,1
,,1
,,1
,,1
,,1
,,1
,,1
,,1
,,1
,,1
,,1
,,1
,,1
,,1
,,1
,,1
,,1
,,1
,,1
,,1
,,1
,,1
,,1
,,1
,,1
,,1
,,1
,,1
,,1
,,1
,,1
,,1
,,1
,,1
,,1
,,1
,,1
,,1
,,1
,,1
,,1
,,1
,,1
,,1
,,1
,,1
,,1
,,1
,,1
,,1
,,1
,,1
,,1
,,1
,,1
,,1
,,1
,,1
,,1
,,1
,,1
,,1
,,1
,,1
,,1
,,1
,,1
,,1
,,1
,,1
,,1
,,1
,,1
,,1
,,1
,,1
,,1
,,1
,,1
,,1
,,1
,,1
,,1
,,1
,,1
,,1
,,1
,,1
,,1
,,1
,,1
,,1
,,1
,,1
,,1
,,1
,,1
,,1
,,1
,,1
,,1
,,1
,,1
,,1
,,1
,,1
,,1
,,1
,,1
,,1
,,1
,,1
,,1
,,1
,,1
,,1
,,1
,,1
,,1
,,1
,,1
,,1
,,1
,,1
,,1
,,1
,,1
,,1
,,1
,,1
,,1
,,1
,,1
,,1
,,1
,,1
,,1
,,1
,,1
,,1
,,1
,,1
,,1
,,1
,,1
,,1
,,1
,,1
,,1
,,1
,,1
,,1
,,1
,,1
,,1
,,1
,,1
,,1
,,1
,,1
,,1
,,1
,,1
,,1
,,1
,,1
,,1
,,1
,,1
,,1
,,1
,,1
,,1
,,1
,,1
,,1
,,1
,,1
,,1
,,1
,,1
,,1
,,1
,,1
,,1
,,1
,,1
,,1
,,1
,,1
,,1
,,1
,,1
,,1
,,1
,,1
,,1
,,1
,,1
,,1
,,1
,,1
,,1
,,1
,,1
,,1
,,1
,,1
,,1
,,1
,,1
,,1
,,1
,,1
,,1
,,1
,,1
,,1
,,1
,,1
,,1
,,1
,,1
,,1
,,1
,,1
,,1
,,1
,,1
,,1
,,1
,,1
,,1
,,1
,,1
,,1
,,1
,,1
,,1
,,1
,,1
,,1
,,1
,,1
,,1
,,1
,,1
,,1
,,1
,,1
,,1
,,1
,,1
,,1
,,1
,,1
,,1
,,1
,,1
,,1
,,1
,,1
,,1
,,1
,,1
,,1
,,1
,,1
,,1
,,1
,,1
,,1
,,1
,,1
,,1
,,1
,,1
,,1
,,1
,,1
,,1
,,1
,,1
,,1
,,1
,,1
,,1
,,1
,,1
,,1
,,1
,,1
,,1
,,1
,,1
,,1
,,1
,,1
,,1
,,1
,,1
,,1
,,1
,,1
,,1
,,1
,,1
,,1
,,1
,,1
,,1
,,1
,,1
,,1
,,1
,,1
,,1
,,1
,,1
,,1
,,1
,,1
,,1
,,1
,,1
,,1
,,1
,,1
,,1
,,1
,,1
,,1
,,1
,,1
,,1
,,1
,,1
,,1
,,1
,,1
,,1
,,1
,,1
,,1
,,1
,,1
,,1
,,1
,,1
,,1
,,1
,,1
,,1
,,1
,,1
,,1
,,1
,,1
,,1
,,1
,,1
,,1
,,1
,,1
,,1
,,1
,,1
,,1
,,1
,,1
,,1
,,1
,,1
,,1
,,1
,,1
,,1
,,1
,,1
,,1
,,1
,,1
,,1
,,1
,,1
,,1
,,1
,,1
,,1
,,1
,,1
,,1
,,1
,,1
,,1
,,1
,,1
,,1
,,1
,,1
,,1
,,1
,,1
,,1
,,1
,,1
,,1
,,1
,,1
,,1
,,1
,,1
,,1
,,1
,,1
,,1
,,1
,,1
,,1
,,1
,,1
,,1
,,1
,,1
,,1
,,1
,,1
,,1
,,1
,,1
,,1
,,1
,,1
,,1
,,1
,,1
,,1
,,1
,,1
,,1
,,1
,,1
,,1
,,1
,,1
,,1
,,1
,,1
,,1
,,1
,,1
,,1
,,1
,,1
,,1
,,1
,,1
,,1
,,1
,,1
,,1
,,1
,,1
,,1
,,1
,,1
,,1
,,1
,,1
,,1
,,1
,,1
,,1
,,1
,,1
,,1
,,1
,,1
,,1
,,1
,,1
,,1
,,1
,,1
,,1
,,1
,,1
,,1
,,1
,,1
,,1
,,1
,,1
,,1
,,1
,,1
,,1
,,1
,,1
,,1
,,1
,,1
,,1
,,1
,,1
,,1
,,1
,,1
,,1
,,1
,,1
,,1
,,1
,,1
,,1
,,1
,,1
,,1
,,1
,,1
,,1
,,1
,,1
,,1
,,1
,,1
,,1
,,1
,,1
,,1
,,1
,,1
,,1
,,1
,,1
,,1
,,1
,,1
,,1
,,1
,,1
,,1
,,1
,,1
,,1
,,1
,,1
,,1
,,1
,,1
,,1
,,1
,,1
,,1
,,1
,,1
,,1
,,1
,,1
,,1
,,1
,,1
,,1
,,1
,,1
,,1
,,1
,,1
,,1
,,1
,,1
,,1
,,1
,,1
,,1
,,1
,,1
,,1
,,1
,,1
,,1
,,1
,,1
,,1
,,1
,,1
,,1
,,1
,,1
,,1
,,1
,,1
,,1
,,1
,,1
,,1
,,1
,,1
,,1
,,1
,,1
,,1
,,1
,,1
,,1
,,1
,,1
,,1
,,1
,,1
,,1
,,1
,,1
,,1
,,1
,,1
,,1
,,1
,,1
,,1
,,1
,,1
,,1
,,1
,,1
,,1
,,1
,,1
,,1
,,1
,,1
,,1
,,1
,,1
,,1
,,1
,,1
,,1
,,1
,,1
,,1
,,1
,,1
,,1
,,1
,,1
,,1
,,1
,,1
,,1
,,1
,,1
,,1
,,1
,,1
,,1
,,1
,,1
,,1
,,1
,,1
,,1
,,1
,,1
,,1
,,1
,,1
,,1
,,1
,,1
,,1
,,1
,,1
,,1
,,1
,,1
,,1
,,1
,,1
,,1
,,1
,,1
,,1
,,1
,,1
,,1
,,1
,,1
,,1
,,1
,,1
,,1
,,1
,,1
,,1
,,1
,,1
,,1
,,1
,,1
,,1
,,1
,,1
,,1
,,1
,,1
,,1
,,1
,,1
,,1
,,1
,,1
,,1
,,1
,,1
,,1
,,1
,,1
,,1
,,1
,,1
,,1
,,1
,,1
,,1
,,1
,,1
,,1
,,1
,,1
,,1
,,1
,,1
,,1
,,1
,,1
,,1
,,1
,,1
,,1
,,1
,,1
,,1
,,1
,,1
,,1
,,1
,,1
,,1
,,1
,,1
,,1
,,1
,,1
,,1
,,1
,,1
,,1
,,1
,,1
,,1
,,1
,,1
,,1
,,1
,,1
,,1
,,1
,,1
,,1
,,1
,,1
,,1
,,1
,,1
,,1
,,1
,,1
,,1
,,1
,,1
,,1
,,1
,,1
,,1
,,1
,,1
,,1
,,1
,,1
,,1
,,1
,,1
,,1
,,1
,,1
,,1
,,1
,,1
,,1
,,1
,,1
,,1
,,1
,,1
,,1
,,1
,,1
,,1
,,1
,,1
,,1
,,1
,,1
,,1
,,1
,,1
,,1
,,1
,,1
,,1
,,1
,,1
,,1
,,1
,,1
,,1
,,1
,,1
,,1
,,1
,,1
,,1
,,1
,,1
,,1
,,1
,,1
,,1
,,1
,,1
,,1
,,1
,,1
,,1
,,1
,,1
,,1
,,1
,,1
,,1
,,1
,,1
,,1
,,1
,,1
,,1
,,1
,,1
,,1
,,1
,,1
,,1
,,1
,,1
,,1
,,1
,,1
,,1
,,1
,,1
,,1
,,1
,,1
,,1
,,1
,,1
,,1
,,1
,,1
,,1
,,1
,,1
,,1
,,1
,,1
,,1
,,1
,,1
,,1
,,1
,,1
,,1
,,1
,,1
,,1
,,1
,,1
,,1
,,1
,,1
,,1
,,1
,,1
,,1
,,1
,,1
,,1
,,1
,,1
,,1
,,1
,,1
,,1
,,1
,,1
,,1
,,1
,,1
,,1
,,1
,,1
,,1
,,1
,,1
,,1
,,1
,,1
,,1
,,1
,,1
,,1
,,1
,,1
,,1
,,1
,,1
,,1
,,1
,,1
,,1
,,1
,,1
,,1
,,1
,,1
,,1
,,1
,,1
,,1
,,1
,,1
,,1
,,1
,,1
,,1
,,1
,,1
,,1
,,1
,,1
,,1
,,1
,,1
,,1
,,1
,,1
,,1
,,1
,,1
,,1
,,1
,,1
,,1
,,1
,,1
,,1
,,1
,,1
,,1
,,1
,,1
,,1
,,1
,,1
,,1
,,1
,,1
,,1
,,1
,,1
,,1
,,1
,,1
,,1
,,1
,,1
,,1
,,1
,,1
,,1
,,1
,,1
,,1
,,1
,,1
,,1
,,1
,,1
,,1
,,1
,,1
,,1
,,1
,,1
,,1
,,1
,,1
,,1
,,1
,,1
,,1
,,1
,,1
,,1
,,1
,,1
,,1
,,1
,,1
,,1
,,1
,,1
,,1
,,1
,,1
,,1
,,1
,,1
,,1
,,1
,,1
,,1
,,1
,,1
,,1
,,1
,,1
,,1
,,1
,,1
,,1
,,1
,,1
,,1
,,1
,,1
,,1
,,1
,,1
,,1
,,1
,,1
,,1
,,1
,,1
,,1
,,1
,,1
,,1
,,1
,,1
,,1
,,1
,,1
,,1
,,1
,,1
,,1
,,1
,,1
,,1
,,1
,,1
,,1
,,1
,,1
,,1
,,1
,,1
,,1
,,1
,,1
,,1
,,1
,,1
,,1
,,1
,,1
,,1
,,1
,,1
,,1
,,1
,,1
,,1
,,1
,,1
,,1
,,1
,,1
,,1
,,1
,,1
,,1
,,1
,,1
,,1
,,1
,,1
,,1
,,1
,,1
,,1
,,1
,,1
,,1
,,1
,,1
,,1
,,1
,,1
,,1
,,1
,,1
,,1
,,1
,,1
,,1
,,1
,,1
,,1
,,1
,,1
,,1
,,1
,,1
,,1
,,1
,,1
,,1
,,1
,,1
,,1
,,1
,,1
,,1
,,1
,,1
,,1
,,1
,,1
,,1
,,1
,,1
,,1
,,1
,,1
,,1
,,1
,,1
,,1
,,1
,,1
,,1
,,1
,,1
,,1
,,1
,,1
,,1
,,1
,,1
,,1
,,1
,,1
,,1
,,1
,,1
,,1
,,1
,,1
,,1
,,1
,,1
,,1
,,1
,,1
,,1
,,1
,,1
,,1
,,1
,,1
,,1
,,1
,,1
,,1
,,1
,,1
,,1
,,1
,,1
,,1
,,1
,,1
,,1
,,1
,,1
,,1
,,1
,,1
,,1
,,1
,,1
,,1
,,1
,,1
,,1
,,1
,,1
,,1
,,1
,,1
,,1
,,1
,,1
,,1
,,1
,,1
,,1
,,1
,,1
,,1
,,1
,,1
,,1
,,1
,,1
,,1
,,1
,,1
,,1
,,1
,,1
,,1
,,1
,,1
,,1
,,1
,,1
,,1
,,1
,,1
,,1
,,1
,,1
,,1
,,1
,,1
,,1
,,1
,,1
,,1
,,1
,,1
,,1
,,1
,,1
,,1
,,1
,,1
,,1
,,1
,,1
,,1
,,1
,,1
,,1
,,1
,,1
,,1
,,1
,,1
,,1
,,1
,,1
,,1
,,1
,,1
,,1
,,1
,,1
,,1
,,1
,,1
,,1
,,1
,,1
,,1
,,1
,,1
,,1
,,1
,,1
,,1
,,1
,,1
,,1
,,1
,,1
,,1
,,1
,,1
,,1
,,1
,,1
,,1
,,1
,,1
,,1
,,1
,,1
,,1
,,1
,,1
,,1
,,1
,,1
,,1
,,1
,,1
,,1
,,1
,,1
,,1
,,1
,,1
,,1
,,1
,,1
,,1
,,1
,,1
,,1
,,1
,,1
,,1
,,1
,,1
,,1
,,1
,,1
,,1
,,1
,,1
,,1
,,1
,,1
,,1
,,1
,,1
,,1
,,1
,,1
,,1
,,1
,,1
,,1
,,1
,,1
,,1
,,1
,,1
,,1
,,1
,,1
,,1
,,1
,,1
,,1
,,1
,,1
,,1
,,1
,,1
,,1
,,1
,,1
,,1
,,1
,,1
,,1
,,1
,,1
,,1
,,1
,,1
,,1
,,1
,,1
,,1
,,1
,,1
,,1
,,1
,,1
,,1
,,1
,,1
,,1
,,1
,,1
,,1
,,1
,,1
,,1
,,1
,,1
,,1
,,1
,,1
,,1
,,1
,,1
,,1
,,1
,,1
,,1
,,1
,,1
,,1
,,1
,,1
,,1
,,1
,,1
,,1
,,1
,,1
,,1
,,1
,,1
,,1
,,1
,,1
,,1
,,1
,,1
,,1
,,1
,,1
,,1
,,1
,,1
,,1
,,1
,,1
,,1
,,1
,,1
,,1
,,1
,,1
,,1
,,1
,,1
,,1
,,1
,,1
,,1
,,1
,,1
,,1
,,1
,,1
,,1
,,1
,,1
,,1
,,1
,,1
,,1
,,1
,,1
,,1
,,1
,,1
,,1
,,1
,,1
,,1
,,1
,,1
,,1
,,1
,,1
,,1
,,1
,,1
,,1
,,1
,,1
,,1
,,1
,,1
,,1
,,1
,,1
,,1
,,1
,,1
,,1
,,1
,,1
,,1
,,1
,,1
,,1
,,1
,,1
,,1
,,1
,,1
,,1
,,1
,,1
,,1
,,1
,,1
,,1
,,1
,,1
,,1
,,1
,,1
,,1
,,1
,,1
,,1
,,1
,,1
,,1
,,1
,,1
,,1
,,1
,,1
,,1
,,1
,,1
,,1
,,1
,,1
,,1
,,1
,,1
,,1
,,1
,,1
,,1
,,1
,,1
,,1
,,1
,,1
,,1
,,1
,,1
,,1
,,1
,,1
,,1
,,1
,,1
,,1
,,1
,,1
,,1
,,1
,,1
,,1
,,1
,,1
,,1
,,1
,,1
,,1
,,1
,,1
,,1
,,1
,,1
,,1
,,1
,,1
,,1
,,1
,,1
,,1
,,1
,,1
,,1
,,1
,,1
,,1
,,1
,,1
,,1
,,1
,,1
,,1
,,1
,,1
,,1
,,1
,,1
,,1
,,1
,,1
,,1
,,1
,,1
,,1
,,1
,,1
,,1
,,1
,,1
,,1
,,1
,,1
,,1
,,1
,,1
,,1
,,1
,,1
,,1
,,1
,,1
,,1
,,1
,,1
,,1
,,1
,,1
,,1
,,1
,,1
,,1
,,1
,,1
,,1
,,1
,,1
,,1
,,1
,,1
,,1
,,1
,,1
,,1
,,1
,,1
,,1
,,1
,,1
,,1
,,1
,,1
,,1
,,1
,,1
,,1
,,1
,,1
,,1
,,1
,,1
,,1
,,1
,,1
,,1
,,1
,,1
,,1
,,1
,,1
,,1
,,1
,,1
,,1
,,1
,,1
,,1
,,1
,,1
,,1
,,1
,,1
,,1
,,1
,,1
,,1
,,1
,,1
,,1
,,1
,,1
,,1
,,1
,,1
,,1
,,1
,,1
,,1
,,1
,,1
,,1
,,1
,,1
,,1
,,1
,,1
,,1
,,1
,,1
,,1
,,1
,,1
,,1
,,1
,,1
,,1
,,1
,,1
,,1
,,1
,,1
,,1
,,1
,,1
,,1
,,1
,,1
,,1
,,1
,,1
,,1
,,1
,,1
,,1
,,1
,,1
,,1
,,1
,,1
,,1
,,1
,,1
,,1
,,1
,,1
,,1
,,1
,,1
,,1
,,1
,,1
,,1
,,1
,,1
,,1
,,1
,,1
,,1
,,1
,,1
,,1
,,1
,,1
,,1
,,1
,,1
,,1
,,1
,,1
,,1
,,1
,,1
,,1
,,1
,,1
,,1
,,1
,,1
,,1
,,1
,,1
,,1
,,1
,,1
,,1
,,1
,,1
,,1
,,1
,,1
,,1
,,1
,,1
,,1
,,1
,,1
,,1
,,1
,,1
,,1
,,1
,,1
,,1
,,1
,,1
,,1
,,1
,,1
,,1
,,1
,,1
,,1
,,1
,,1
,,1
,,1
,,1
,,1
,,1
,,1
,,1
,,1
,,1
,,1
,,1
,,1
,,1
,,1
,,1
,,1
,,1
,,1
,,1
,,1
,,1
,,1
,,1
,,1
,,1
,,1
,,1
,,1
,,1
,,1
,,1
,,1
,,1
,,1
,,1
,,1
,,1
,,1
,,1
,,1
,,1
,,1
,,1
,,1
,,1
,,1
,,1
,,1
,,1
,,1
,,1
,,1
,,1
,,1
,,1
,,1
,,1
,,1
,,1
,,1
,,1
,,1
,,1
,,1
,,1
,,1
,,1
,,1
,,1
,,1
,,1
,,1
,,1
,,1
,,1
,,1
,,1
,,1
,,1
,,1
,,1
,,1
,,1
,,1
,,1
,,1
,,1
,,1
,,1
,,1
,,1
,,1
,,1
,,1
,,1
,,1
,,1
,,1
,,1
,,1
,,1
,,1
,,1
,,1
,,1
,,1
,,1
,,1
,,1
,,1
,,1
,,1
,,1
,,1
,,1
,,1
,,1
,,1
,,1
,,1
,,1
,,1
,,1
,,1
,,1
,,1
,,1
,,1
,,1
,,1
,,1
,,1
,,1
,,1
,,1
,,1
,,1
,,1
,,1
,,1
,,1
,,1
,,1
,,1
,,1
,,1
,,1
,,1
,,1
,,1
,,1
,,1
,,1
,,1
,,1
,,1
,,1
,,1
,,1
,,1
,,1
,,1
,,1
,,1
,,1
,,1
,,1
,,1
,,1
,,1
,,1
,,1
,,1
,,1
,,1
,,1
,,1
,,1
,,1
,,1
,,1
,,1
,,1
,,1
,,1
,,1
,,1
,,1
,,1
,,1
,,1
,,1
,,1
,,1
,,1
,,1
,,1
,,1
,,1
,,1
,,1
,,1
,,1
,,1
,,1
,,1
,,1
,,1
,,1
,,1
,,1
,,1
,,1
,,1
,,1
,,1
,,1
,,1
,,1
,,1
,,1
,,1
,,1
,,1
,,1
,,1
,,1
,,1
,,1
,,1
,,1
,,1
,,1
,,1
,,1
,,1
,,1
,,1
,,1
,,1
,,1
,,1
,,1
,,1
,,1
,,1
,,1
,,1
,,1
,,1
,,1
,,1
,,1
,,1
,,1
,,1
,,1
,,1
,,1
,,1
,,1
,,1
,,1
,,1
,,1
,,1
,,1
,,1
,,1
,,1
,,1
,,1
,,1
,,1
,,1
,,1
,,1
,,1
,,1
,,1
,,1
,,1
,,1
,,1
,,1
,,1
,,1
,,1
,,1
,,1
,,1
,,1
,,1
,,1
,,1
,,1
,,1
,,1
,,1
,,1
,,1
,,1
,,1
,,1
,,1
,,1
,,1
,,1
,,1
,,1
,,1
,,1
,,1
,,1
,,1
,,1
,,1
,,1
,,1
,,1
,,1
,,1
,,1
,,1
,,1
,,1
,,1
,,1
,,1
,,1
,,1
,,1
,,1
,,1
,,1
,,1
,,1
,,1
,,1
,,1
,,1
,,1
,,1
,,1
,,1
,,1
,,1
,,1
,,1
,,1
,,1
,,1
,,1
,,1
,,1
,,1
,,1
,,1
,,1
,,1
,,1
,,1
,,1
,,1
,,1
,,1
,,1
,,1
,,1
,,1
,,1
,,1
,,1
,,1
,,1
,,1
,,1
,,1
,,1
,,1
,,1
,,1
,,1
,,1
,,1
,,1
,,1
,,1
,,1
,,1
,,1
,,1
,,1
,,1
,,1
,,1
,,1
,,1
,,1
,,1
,,1
,,1
,,1
,,1
,,1
,,1
,,1
,,1
,,1
,,1
,,1
,,1
,,1
,,1
,,1
,,1
,,1
,,1
,,1
,,1
,,1
,,1
,,1
,,1
,,1
,,1
,,1
,,1
,,1
,,1
,,1
,,1
,,1
,,1
,,1
,,1
,,1
,,1
,,1
,,1
,,1
,,1
,,1
,,1
,,1
,,1
,,1
,,1
,,1
,,1
,,1
,,1
,,1
,,1
,,1
,,1
,,1
,,1
,,1
,,1
,,1
,,1
,,1
,,1
,,1
,,1
,,1
,,1
,,1
,,1
,,1
,,1
,,1
,,1
,,1
,,1
,,1
,,1
,,1
,,1
,,1
,,1
,,1
,,1
,,1
,,1
,,1
,,1
,,1
,,1
,,1
,,1
,,1
,,1
,,1
,,1
,,1
,,1
,,1
,,1
,,1
,,1
,,1
,,1
,,1
,,1
,,1
,,1
,,1
,,1
,,1
,,1
,,1
,,1
,,1
,,1
,,1
,,1
,,1
,,1
,,1
,,1
,,1
,,1
,,1
,,1
,,1
,,1
,,1
,,1
,,1
,,1
,,1
,,1
,,1
,,1
,,1
,,1
,,1
,,1
,,1
,,1
,,1
,,1
,,1
,,1
,,1
,,1
,,1
,,1
,,1
,,1
,,1
,,1
,,1
,,1
,,1
,,1
,,1
,,1
,,1
,,1
,,1
,,1
,,1
,,1
,,1
,,1
,,1
,,1
,,1
,,1
,,1
,,1
,,1
,,1
,,1
,,1
,,1
,,1
,,1
,,1
,,1
,,1
,,1
,,1
,,1
,,1
,,1
,,1
,,1
,,1
,,1
,,1
,,1
,,1
,,1
,,1
,,1
,,1
,,1
,,1
,,1
,,1
,,1
,,1
,,1
,,1
,,1
,,1
,,1
,,1
,,1
,,1
,,1
,,1
,,1
,,1
,,1
,,1
,,1
,,1
,,1
,,1
,,1
,,1
,,1
,,1
,,1
,,1
,,1
,,1
,,1
,,1
,,1
,,1
,,1
,,1
,,1
,,1
,,1
,,1
,,1
,,1
,,1
,,1
,,1
,,1
,,1
,,1
,,1
,,1
,,1
,,1
,,1
,,1
,,1
,,1
,,1
,,1
,,1
,,1
,,1
,,1
,,1
,,1
,,1
,,1
,,1
,,1
,,1
,,1
,,1
,,1
,,1
,,1
,,1
,,1
,,1
,,1
,,1
,,1
,,1
,,1
,,1
,,1
,,1
,,1
,,1
,,1
,,1
,,1
,,1
,,1
,,1
,,1
,,1
,,1
,,1
,,1
,,1
,,1
,,1
,,1
,,1
,,1
,,1
,,1
,,1
,,1
,,1
,,1
,,1
,,1
,,1
,,1
,,1
,,1
,,1
,,1
,,1
,,1
,,1
,,1
,,1
,,1
,,1
,,1
,,1
,,1
,,1
,,1
,,1
,,1
,,1
,,1
,,1
,,1
,,1
,,1
,,1
,,1
,,1
,,1
,,1
,,1
,,1
,,1
,,1
,,1
,,1
,,1
,,1
,,1
,,1
,,1
,,1
,,1
,,1
,,1
,,1
,,1
,,1
,,1
,,1
,,1
,,1
,,1
,,1
,,1
,,1
,,1
,,1
,,1
,,1
,,1
,,1
,,1
,,1
,,1
,,1
,,1
,,1
,,1
,,1
,,1
,,1
,,1
,,1
,,1
,,1
,,1
,,1
,,1
,,1
,,1
,,1
,,1
,,1
,,1
,,1
,,1
,,1
,,1
,,1
,,1
,,1
,,1
,,1
,,1
,,1
,,1
,,1
,,1
,,1
,,1
,,1
,,1
,,1
,,1
,,1
,,1
,,1
,,1
,,1
,,1
,,1
,,1
,,1
,,1
,,1
,,1
,,1
,,1
,,1
,,1
,,1
,,1
,,1
,,1
,,1
,,1
,,1
,,1
,,1
,,1
,,1
,,1
,,1
,,1
,,1
,,1
,,1
,,1
,,1
,,1
,,1
,,1
,,1
,,1
,,1
,,1
,,1
,,1
,,1
,,1
,,1
,,1
,,1
,,1
,,1
,,1
,,1
,,1
,,1
,,1
,,1
,,1
,,1
,,1
,,1
,,1
,,1
,,1
,,1
,,1
,,1
,,1
,,1
,,1
,,1
,,1
,,1
,,1
,,1
,,1
,,1
,,1
,,1
,,1
,,1
,,1
,,1
,,1
,,1
,,1
,,1
,,1
,,1
,,1
,,1
,,1
,,1
,,1
,,1
,,1
,,1
,,1
,,1
,,1
,,1
,,1
,,1
,,1
,,1
,,1
,,1
,,1
,,1
,,1
,,1
,,1
,,1
,,1
,,1
,,1
,,1
,,1
,,1
,,1
,,1
,,1
,,1
,,1
,,1
,,1
,,1
,,1
,,1
,,1
,,1
,,1
,,1
,,1
,,1
,,1
,,1
,,1
,,1
,,1
,,1
,,1
,,1
,,1
,,1
,,1
,,1
,,1
,,1
,,1
,,1
,,1
,,1
,,1
,,1
,,1
,,1
,,1
,,1
,,1
,,1
,,1
,,1
,,1
,,1
,,1
,,1
,,1
,,1
,,1
,,1
,,1
,,1
,,1
,,1
,,1
,,1
,,1
,,1
,,1
,,1
,,1
,,1
,,1
,,1
,,1
,,1
,,1
,,1
,,1
,,1
,,1
,,1
,,1
,,1
,,1
,,1
,,1
,,1
,,1
,,1
,,1
,,1
,,1
,,1
,,1
,,1
,,1
,,1
,,1
,,1
,,1
,,1
,,1
,,1
,,1
,,1
,,1
,,1
,,1
,,1
,,1
,,1
,,1
,,1
,,1
,,1
,,1
,,1
,,1
,,1
,,1
,,1
,,1
,,1
,,1
,,1
,,1
,,1
,,1
,,1
,,1
,,1
,,1
,,1
,,1
,,1
,,1
,,1
,,1
,,1
,,1
,,1
,,1
,,1
,,1
,,1
,,1
,,1
,,1
,,1
,,1
,,1
,,1
,,1
,,1
,,1
,,1
,,1
,,1
,,1
,,1
,,1
,,1
,,1
,,1
,,1
,,1
,,1
,,1
,,1
,,1
,,1
,,1
,,1
,,1
,,1
,,1
,,1
,,1
,,1
,,1
,,1
,,1
,,1
,,1
,,1
,,1
,,1
,,1
,,1
,,1
,,1
,,1
,,1
,,1
,,1
,,1
,,1
,,1
,,1
,,1
,,1
,,1
,,1
,,1
,,1
,,1
,,1
,,1
,,1
,,1
,,1
,,1
,,1
,,1
,,1
,,1
,,1
,,1
,,1
,,1
,,1
,,1
,,1
,,1
,,1
,,1
,,1
,,1
,,1
,,1
,,1
,,1
,,1
,,1
,,1
,,1
,,1
,,1
,,1
,,1
,,1
,,1
,,1
,,1
,,1
,,1
,,1
,,1
,,1
,,1
,,1
,,1
,,1
,,1
,,1
,,1
,,1
,,1
,,1
,,1
,,1
,,1
,,1
,,1
,,1
,,1
,,1
,,1
,,1
,,1
,,1
,,1
,,1
,,1
,,1
,,1
,,1
,,1
,,1
,,1
,,1
,,1
,,1
,,1
,,1
,,1
,,1
,,1
,,1
,,1
,,1
,,1
,,1
,,1
,,1
,,1
,,1
,,1
,,1
,,1
,,1
,,1
,,1
,,1
,,1
,,1
,,1
,,1
,,1
,,1
,,1
,,1
,,1
,,1
,,1
,,1
,,1
,,1
,,1
,,1
,,1
,,1
,,1
,,1
,,1
,,1
,,1
,,1
,,1
,,1
,,1
,,1
,,1
,,1
,,1
,,1
,,1
,,1
,,1
,,1
,,1
,,1
,,1
,,1
,,1
,,1
,,1
,,1
,,1
,,1
,,1
,,1
,,1
,,1
,,1
,,1
,,1
,,1
,,1
,,1
,,1
,,1
,,1
,,1
,,1
,,1
,,1
,,1
,,1
,,1
,,1
,,1
,,1
,,1
,,1
,,1
,,1
,,1
,,1
,,1
,,1
,,1
,,1
,,1
,,1
,,1
,,1
,,1
,,1
,,1
,,1
,,1
,,1
,,1
,,1
,,1
,,1
,,1
,,1
,,1
,,1
,,1
,,1
,,1
,,1
,,1
,,1
,,1
,,1
,,1
,,1
,,1
,,1
,,1
,,1
,,1
,,1
,,1
,,1
,,1
,,1
,,1
,,1
,,1
,,1
,,1
,,1
,,1
,,1
,,1
,,1
,,1
,,1
,,1
,,1
,,1
,,1
,,1
,,1
,,1
,,1
,,1
,,1
,,1
,,1
,,1
,,1
,,1
,,1
,,1
,,1
,,1
,,1
,,1
,,1
,,1
,,1
,,1
,,1
,,1
,,1
,,1
,,1
,,1
,,1
,,1
,,1
,,1
,,1
,,1
,,1
,,1
,,1
,,1
,,1
,,1
,,1
,,1
,,1
,,1
,,1
,,1
,,1
,,1
,,1
,,1
,,1
,,1
,,1
,,1
,,1
,,1
,,1
,,1
,,1
,,1
,,1
,,1
,,1
,,1
,,1
,,1
,,1
,,1
,,1
,,1
,,1
,,1
,,1
,,1
,,1
,,1
,,1
,,1
,,1
,,1
,,1
,,1
,,1
,,1
,,1
,,1
,,1
,,1
,,1
,,1
,,1
,,1
,,1
,,1
,,1
,,1
,,1
,,1
,,1
,,1
,,1
,,1
,,1
,,1
,,1
,,1
,,1
,,1
,,1
,,1
,,1
,,1
,,1
,,1
,,1
,,1
,,1
,,1
,,1
,,1
,,1
,,1
,,1
,,1
,,1
,,1
,,1
,,1
,,1
,,1
,,1
,,1
,,1
,,1
,,1
,,1
,,1
,,1
,,1
,,1
,,1
,,1
,,1
,,1
,,1
,,1
,,1
,,1
,,1
,,1
,,1
,,1
,,1
,,1
,,1
,,1
,,1
,,1
,,1
,,1
,,1
,,1
,,1
,,1
,,1
,,1
,,1
,,1
,,1
,,1
,,1
,,1
,,1
,,1
,,1
,,1
,,1
,,1
,,1
,,1
,,1
,,1
,,1
,,1
,,1
,,1
,,1
,,1
,,1
,,1
,,1
,,1
,,1
,,1
,,1
,,1
,,1
,,1
,,1
,,1
,,1
,,1
,,1
,,1
,,1
,,1
,,1
,,1
,,1
,,1
,,1
,,1
,,1
,,1
,,1
,,1
,,1
,,1
,,1
,,1
,,1
,,1
,,1
,,1
,,1
,,1
,,1
,,1
,,1
,,1
,,1
,,1
,,1
,,1
,,1
,,1
,,1
,,1
,,1
,,1
,,1
,,1
,,1
,,1
,,1
,,1
,,1
,,1
,,1
,,1
,,1
,,1
,,1
,,1
,,1
,,1
,,1
,,1
,,1
,,1
,,1
,,1
,,1
,,1
,,1
,,1
,,1
,,1
,,1
,,1
,,1
,,1
,,1
,,1
,,1
,,1
,,1
,,1
,,1
,,1
,,1
,,1
,,1
,,1
,,1
,,1
,,1
,,1
,,1
,,1
,,1
,,1
,,1
,,1
,,1
,,1
,,1
,,1
,,1
,,1
,,1
,,1
,,1
,,1
,,1
,,1
,,1
,,1
,,1
,,1
,,1
,,1
,,1
,,1
,,1
,,1
,,1
,,1
,,1
,,1
,,1
,,1
,,1
,,1
,,1
,,1
,,1
,,1
,,1
,,1
,,1
,,1
,,1
,,1
,,1
,,1
,,1
,,1
,,1
,,1
,,1
,,1
,,1
,,1
,,1
,,1
,,1
,,1
,,1
,,1
,,1
,,1
,,1
,,1
,,1
,,1
,,1
,,1
,,1
,,1
,,1
,,1
,,1
,,1
,,1
,,1
,,1
,,1
,,1
,,1
,,1
,,1
,,1
,,1
,,1
,,1
,,1
,,1
,,1
,,1
,,1
,,1
,,1
,,1
,,1
,,1
,,1
,,1
,,1
,,1
,,1
,,1
,,1
,,1
,,1
,,1
,,1
,,1
,,1
,,1
,,1
,,1
,,1
,,1
,,1
,,1
,,1
,,1
,,1
,,1
,,1
,,1
,,1
,,1
,,1
,,1
,,1
,,1
,,1
,,1
,,1
,,1
,,1
,,1
,,1
,,1
,,1
,,1
,,1
,,1
,,1
,,1
,,1
,,1
,,1
,,1
,,1
,,1
,,1
,,1
,,1
,,1
,,1
,,1
,,1
,,1
,,1
,,1
,,1
,,1
,,1
,,1
,,1
,,1
,,1
,,1
,,1
,,1
,,1
,,1
,,1
,,1
,,1
,,1
,,1
,,1
,,1
,,1
,,1
,,1
,,1
,,1
,,1
,,1
,,1
,,1
,,1
,,1
,,1
,,1
,,1
,,1
,,1
,,1
,,1
,,1
,,1
,,1
,,1
,,1
,,1
,,1
,,1
,,1
,,1
,,1
,,1
,,1
,,1
,,1
,,1
,,1
,,1
,,1
,,1
,,1
,,1
,,1
,,1
,,1
,,1
,,1
,,1
,,1
,,1
,,1
,,1
,,1
,,1
,,1
,,1
,,1
,,1
,,1
,,1
,,1
,,1
,,1
,,1
,,1
,,1
,,1
,,1
,,1
,,1
,,1
,,1
,,1
,,1
,,1
,,1
,,1
,,1
,,1
,,1
,,1
,,1
,,1
,,1
,,1
,,1
,,1
,,1
,,1
,,1
,,1
,,1
,,1
,,1
,,1
,,1
,,1
,,1
,,1
,,1
,,1
,,1
,,1
,,1
,,1
,,1
,,1
,,1
,,1
,,1
,,1
,,1
,,1
,,1
,,1
,,1
,,1
,,1
,,1
,,1
,,1
,,1
,,1
,,1
,,1
,,1
,,1
,,1
,,1
,,1
,,1
,,1
,,1
,,1
,,1
,,1
,,1
,,1
,,1
,,1
,,1
,,1
,,1
,,1
,,1
,,1
,,1
,,1
,,1
,,1
,,1
,,1
,,1
,,1
,,1
,,1
,,1
,,1
,,1
,,1
,,1
,,1
,,1
,,1
,,1
,,1
,,1
,,1
,,1
,,1
,,1
,,1
,,1
,,1
,,1
,,1
,,1
,,1
,,1
,,1
,,1
,,1
,,1
,,1
,,1
,,1
,,1
,,1
,,1
,,1
,,1
,,1
,,1
,,1
,,1
,,1
,,1
,,1
,,1
,,1
,,1
,,1
,,1
,,1
,,1
,,1
,,1
,,1
,,1
,,1
,,1
,,1
,,1
,,1
,,1
,,1
,,1
,,1
,,1
,,1
,,1
,,1
,,1
,,1
,,1
,,1
,,1
,,1
,,1
,,1
,,1
,,1
,,1
,,1
,,1
,,1
,,1
,,1
,,1
,,1
,,1
,,1
,,1
,,1
,,1
,,1
,,1
,,1
,,1
,,1
,,1
,,1
,,1
,,1
,,1
,,1
,,1
,,1
,,1
,,1
,,1
,,1
,,1
,,1
,,1
,,1
,,1
,,1
,,1
,,1
,,1
,,1
,,1
,,1
,,1
,,1
,,1
,,1
,,1
,,1
,,1
,,1
,,1
,,1
,,1
,,1
,,1
,,1
,,1
,,1
,,1
,,1
,,1
,,1
,,1
,,1
,,1
,,1
,,1
,,1
,,1
,,1
,,1
,,1
,,1
,,1
,,1
,,1
,,1
,,1
,,1
,,1
,,1
,,1
,,1
,,1
,,1
,,1
,,1
,,1
,,1
,,1
,,1
,,1
,,1
,,1
,,1
,,1
,,1
,,1
,,1
,,1
,,1
,,1
,,1
,,1
,,1
,,1
,,1
,,1
,,1
,,1
,,1
,,1
,,1
,,1
,,1
,,1
,,1
,,1
,,1
,,1
,,1
,,1
,,1
,,1
,,1
,,1
,,1
,,1
,,1
,,1
,,1
,,1
,,1
,,1
,,1
,,1
,,1
,,1
,,1
,,1
,,1
,,1
,,1
,,1
,,1
,,1
,,1
,,1
,,1
,,1
,,1
,,1
,,1
,,1
,,1
,,1
,,1
,,1
,,1
,,1
,,1
,,1
,,1
,,1
,,1
,,1
,,1
,,1
,,1
,,1
,,1
,,1
,,1
,,1
,,1
,,1
,,1
,,1
,,1
,,1
,,1
,,1
,,1
,,1
,,1
,,1
,,1
,,1
,,1
,,1
,,1
,,1
,,1
,,1
,,1
,,1
,,1
,,1
,,1
,,1
,,1
,,1
,,1
,,1
,,1
,,1
,,1
,,1
,,1
,,1
,,1
,,1
,,1
,,1
,,1
,,1
,,1
,,1
,,1
,,1
,,1
,,1
,,1
,,1
,,1
,,1
,,1
,,1
,,1
,,1
,,1
,,1
,,1
,,1
,,1
,,1
,,1
,,1
,,1
,,1
,,1
,,1
,,1
,,1
,,1
,,1
,,1
,,1
,,1
,,1
,,1
,,1
,,1
,,1
,,1
,,1
,,1
,,1
,,1
,,1
,,1
,,1
,,1
,,1
,,1
,,1
,,1
,,1
,,1
,,1
,,1
,,1
,,1
,,1
,,1
,,1
,,1
,,1
,,1
,,1
,,1
,,1
,,1
,,1
,,1
,,1
,,1
,,1
,,1
,,1
,,1
,,1
,,1
,,1
,,1
,,1
,,1
,,1
,,1
,,1
,,1
,,1
,,1
,,1
,,1
,,1
,,1
,,1
,,1
,,1
,,1
,,1
,,1
,,1
,,1
,,1
,,1
,,1
,,1
,,1
,,1
,,1
,,1
,,1
,,1
,,1
,,1
,,1
,,1
,,1
,,1
,,1
,,1
,,1
,,1
,,1
,,1
,,1
,,1
,,1
,,1
,,1
,,1
,,1
,,1
,,1
,,1
,,1
,,1
,,1
,,1
,,1
,,1
,,1
,,1
,,1
,,1
,,1
,,1
,,1
,,1
,,1
,,1
,,1
,,1
,,1
,,1
,,1
,,1
,,1
,,1
,,1
,,1
,,1
,,1
,,1
,,1
,,1
,,1
,,1
,,1
,,1
,,1
,,1
,,1
,,1
,,1
,,1
,,1
,,1
,,1
,,1
,,1
,,1
,,1
,,1
,,1
,,1
,,1
,,1
,,1
,,1
,,1
,,1
,,1
,,1
,,1
,,1
,,1
,,1
,,1
,,1
,,1
,,1
,,1
,,1
,,1
,,1
,,1
,,1
,,1
,,1
,,1
,,1
,,1
,,1
,,1
,,1
,,1
,,1
,,1
,,1
,,1
,,1
,,1
,,1
,,1
,,1
,,1
,,1
,,1
,,1
,,1
,,1
,,1
,,1
,,1
,,1
,,1
,,1
,,1
,,1
,,1
,,1
,,1
,,1
,,1
,,1
,,1
,,1
,,1
,,1
,,1
,,1
,,1
,,1
,,1
,,1
,,1
,,1
,,1
,,1
,,1
,,1
,,1
,,1
,,1
,,1
,,1
,,1
,,1
,,1
,,1
,,1
,,1
,,1
,,1
,,1
,,1
,,1
,,1
,,1
,,1
,,1
,,1
,,1
,,1
,,1
,,1
,,1
,,1
,,1
,,1
,,1
,,1
,,1
,,1
,,1
,,1
,,1
,,1
,,1
,,1
,,1
,,1
,,1
,,1
,,1
,,1
,,1
,,1
,,1
,,1
,,1
,,1
,,1
,,1
,,1
,,1
,,1
,,1
,,1
,,1
,,1
,,1
,,1
,,1
,,1
,,1
,,1
,,1
,,1
,,1
,,1
,,1
,,1
,,1
,,1
,,1
,,1
,,1
,,1
,,1
,,1
,,1
,,1
,,1
,,1
,,1
,,1
,,1
,,1
,,1
,,1
,,1
,,1
,,1
,,1
,,1
,,1
,,1
,,1
,,1
,,1
,,1
,,1
,,1
,,1
,,1
,,1
,,1
,,1
,,1
,,1
,,1
,,1
,,1
,,1
,,1
,,1
,,1
,,1
,,1
,,1
,,1
,,1
,,1
,,1
,,1
,,1
,,1
,,1
,,1
,,1
,,1
,,1
,,1
,,1
,,1
,,1
,,1
,,1
,,1
,,1
,,1
,,1
,,1
,,1
,,1
,,1
,,1
,,1
,,1
,,1
,,1
,,1
,,1
,,1
,,1
,,1
,,1
,,1
,,1
,,1
,,1
,,1
,,1
,,1
,,1
,,1
,,1
,,1
,,1
,,1
,,1
,,1
,,1
,,1
,,1
,,1
,,1
,,1
,,1
,,1
,,1
,,1
,,1
,,1
,,1
,,1
,,1
,,1
,,1
,,1
,,1
,,1
,,1
,,1
,,1
,,1
,,1
,,1
,,1
,,1
,,1
,,1
,,1
,,1
,,1
,,1
,,1
,,1
,,1
,,1
,,1
,,1
,,1
,,1
,,1
,,1
,,1
,,1
,,1
,,1
,,1
,,1
,,1
,,1
,,1
,,1
,,1
,,1
,,1
,,1
,,1
,,1
,,1
,,1
,,1
,,1
,,1
,,1
,,1
,,1
,,1
,,1
,,1
,,1
,,1
,,1
,,1
,,1
,,1
,,1
,,1
,,1
,,1
,,1
,,1
,,1
,,1
,,1
,,1
,,1
,,1
,,1
,,1
,,1
,,1
,,1
,,1
,,1
,,1
,,1
,,1
,,1
,,1
,,1
,,1
,,1
,,1
,,1
,,1
,,1
,,1
,,1
,,1
,,1
,,1
,,1
,,1
,,1
,,1
,,1
,,1
,,1
,,1
,,1
,,1
,,1
,,1
,,1
,,1
,,1
,,1
,,1
,,1
,,1
,,1
,,1
,,1
,,1
,,1
,,1
,,1
,,1
,,1
,,1
,,1
,,1
,,1
,,1
,,1
,,1
,,1
,,1
,,1
,,1
,,1
,,1
,,1
,,1
,,1
,,1
,,1
,,1
,,1
,,1
,,1
,,1
,,1
,,1
,,1
,,1
,,1
,,1
,,1
,,1
,,1
,,1
,,1
,,1
,,1
,,1
,,1
,,1
,,1
,,1
,,1
,,1
,,1
,,1
,,1
,,1
,,1
,,1
,,1
,,1
,,1
,,1
,,1
,,1
,,1
,,1
,,1
,,1
,,1
,,1
,,1
,,1
,,1
,,1
,,1
,,1
,,1
,,1
,,1
,,1
,,1
,,1
,,1
,,1
,,1
,,1
,,1
,,1
,,1
,,1
,,1
,,1
,,1
,,1
,,1
,,1
,,1
,,1
,,1
,,1
,,1
,,1
,,1
,,1
,,1
,,1
,,1
,,1
,,1
,,1
,,1
,,1
,,1
,,1
,,1
,,1
,,1
,,1
,,1
,,1
,,1
,,1
,,1
,,1
,,1
,,1
,,1
,,1
,,1
,,1
,,1
,,1
,,1
,,1
,,1
,,1
,,1
,,1
,,1
,,1
,,1
,,1
,,1
,,1
,,1
,,1
,,1
,,1
,,1
,,1
,,1
,,1
,,1
,,1
,,1
,,1
,,1
,,1
,,1
,,1
,,1
,,1
,,1
,,1
,,1
,,1
,,1
,,1
,,1
,,1
,,1
,,1
,,1
,,1
,,1
,,1
,,1
,,1
,,1
,,1
,,1
,,1
,,1
,,1
,,1
,,1
,,1
,,1
,,1
,,1
,,1
,,1
,,1
,,1
,,1
,,1
,,1
,,1
,,1
,,1
,,1
,,1
,,1
,,1
,,1
,,1
,,1
,,1
,,1
,,1
,,1
,,1
,,1
,,1
,,1
,,1
,,1
,,1
,,1
,,1
,,1
,,1
,,1
,,1
,,1
,,1
,,1
,,1
,,1
,,1
,,1
,,1
,,1
,,1
,,1
,,1
,,1
,,1
,,1
,,1
,,1
,,1
,,1
,,1
,,1
,,1
,,1
,,1
,,1
,,1
,,1
,,1
,,1
,,1
,,1
,,1
,,1
,,1
,,1
,,1
,,1
,,1
,,1
,,1
,,1
,,1
,,1
,,1
,,1
,,1
,,1
,,1
,,1
,,1
,,1
,,1
,,1
,,1
,,1
,,1
,,1
,,1
,,1
,,1
,,1
,,1
,,1
,,1
,,1
,,1
,,1
,,1
,,1
,,1
,,1
,,1
,,1
,,1
,,1
,,1
,,1
,,1
,,1
,,1
,,1
,,1
,,1
,,1
,,1
,,1
,,1
,,1
,,1
,,1
,,1
,,1
,,1
,,1
,,1
,,1
,,1
,,1
,,1
,,1
,,1
,,1
,,1
,,1
,,1
,,1
,,1
,,1
,,1
,,1
,,1
,,1
,,1
,,1
,,1
,,1
,,1
,,1
,,1
,,1
,,1
,,1
,,1
,,1
,,1
,,1
,,1
,,1
,,1
,,1
,,1
,,1
,,1
,,1
,,1
,,1
,,1
,,1
,,1
,,1
,,1
,,1
,,1
,,1
,,1
,,1
,,1
,,1
,,1
,,1
,,1
,,1
,,1
,,1
,,1
,,1
,,1
,,1
,,1
,,1
,,1
,,1
,,1
,,1
,,1
,,1
,,1
,,1
,,1
,,1
,,1
,,1
,,1
,,1
,,1
,,1
,,1
,,1
,,1
,,1
,,1
,,1
,,1
,,1
,,1
,,1
,,1
,,1
,,1
,,1
,,1
,,1
,,1
,,1
,,1
,,1
,,1
,,1
,,1
,,1
,,1
,,1
,,1
,,1
,,1
,,1
,,1
,,1
,,1
,,1
,,1
,,1
,,1
,,1
,,1
,,1
,,1
,,1
,,1
,,1
,,1
,,1
,,1
,,1
,,1
,,1
,,1
,,1
,,1
,,1
,,1
,,1
,,1
,,1
,,1
,,1
,,1
,,1
,,1
,,1
,,1
,,1
,,1
,,1
,,1
,,1
,,1
,,1
,,1
,,1
,,1
,,1
,,1
,,1
,,1
,,1
,,1
,,1
,,1
,,1
,,1
,,1
,,1
,,1
,,1
,,1
,,1
,,1
,,1
,,1
,,1
,,1
,,1
,,1
,,1
,,1
,,1
,,1
,,1
,,1
,,1
,,1
,,1
,,1
,,1
,,1
,,1
,,1
,,1
,,1
,,1
,,1
,,1
,,1
,,1
,,1
,,1
,,1
,,1
,,1
,,1
,,1
,,1
,,1
,,1
,,1
,,1
,,1
,,1
,,1
,,1
,,1
,,1
,,1
,,1
,,1
,,1
,,1
,,1
,,1
,,1
,,1
,,1
,,1
,,1
,,1
,,1
,,1
,,1
,,1
,,1
,,1
,,1
,,1
,,1
,,1
,,1
,,1
,,1
,,1
,,1
,,1
,,1
,,1
,,1
,,1
,,1
,,1
,,1
,,1
,,1
,,1
,,1
,,1
,,1
,,1
,,1
,,1
,,1
,,1
,,1
,,1
,,1
,,1
,,1
,,1
,,1
,,1
,,1
,,1
,,1
,,1
,,1
,,1
,,1
,,1
,,1
,,1
,,1
,,1
,,1
,,1
,,1
,,1
,,1
,,1
,,1
,,1
,,1
,,1
,,1
,,1
,,1
,,1
,,1
,,1
,,1
,,1
,,1
,,1
,,1
,,1
,,1
,,1
,,1
,,1
,,1
,,1
,,1
,,1
,,1
,,1
,,1
,,1
,,1
,,1
,,1
,,1
,,1
,,1
,,1
,,1
,,1
,,1
,,1
,,1
,,1
,,1
,,1
,,1
,,1
,,1
,,1
,,1
,,1
,,1
,,1
,,1
,,1
,,1
,,1
,,1
,,1
,,1
,,1
,,1
,,1
,,1
,,1
,,1
,,1
,,1
,,1
,,1
,,1
,,1
,,1
,,1
,,1
,,1
,,1
,,1
,,1
,,1
,,1
,,1
,,1
,,1
,,1
,,1
,,1
,,1
,,1
,,1
,,1
,,1
,,1
,,1
,,1
,,1
,,1
,,1
,,1
,,1
,,1
,,1
,,1
,,1
,,1
,,1
,,1
,,1
,,1
,,1
,,1
,,1
,,1
,,1
,,1
,,1
,,1
,,1
,,1
,,1
,,1
,,1
,,1
,,1
,,1
,,1
,,1
,,1
,,1
,,1
,,1
,,1
,,1
,,1
,,1
,,1
,,1
,,1
,,1
,,1
,,1
,,1
,,1
,,1
,,1
,,1
,,1
,,1
,,1
,,1
,,1
,,1
,,1
,,1
,,1
,,1
,,1
,,1
,,1
,,1
,,1
,,1
,,1
,,1
,,1
,,1
,,1
,,1
,,1
,,1
,,1
,,1
,,1
,,1
,,1
,,1
,,1
,,1
,,1
,,1
,,1
,,1
,,1
,,1
,,1
,,1
,,1
,,1
,,1
,,1
,,1
,,1
,,1
,,1
,,1
,,1
,,1
,,1
,,1
,,1
,,1
,,1
,,1
,,1
,,1
,,1
,,1
,,1
,,1
,,1
,,1
,,1
,,1
,,1
,,1
,,1
,,1
,,1
,,1
,,1
,,1
,,1
,,1
,,1
,,1
,,1
,,1
,,1
,,1
,,1
,,1
,,1
,,1
,,1
,,1
,,1
,,1
,,1
,,1
,,1
,,1
,,1
,,1
,,1
,,1
,,1
,,1
,,1
,,1
,,1
,,1
,,1
,,1
,,1
,,1
,,1
,,1
,,1
,,1
,,1
,,1
,,1
,,1
,,1
,,1
,,1
,,1
,,1
,,1
,,1
,,1
,,1
,,1
,,1
,,1
,,1
,,1
,,1
,,1
,,1
,,1
,,1
,,1
,,1
,,1
,,1
,,1
,,1
,,1
,,1
,,1
,,1
,,1
,,1
,,1
,,1
,,1
,,1
,,1
,,1
,,1
,,1
,,1
,,1
,,1
,,1
,,1
,,1
,,1
,,1
,,1
,,1
,,1
,,1
,,1
,,1
,,1
,,1
,,1
,,1
,,1
,,1
,,1
,,1
,,1
,,1
,,1
,,1
,,1
,,1
,,1
,,1
,,1
,,1
,,1
,,1
,,1
,,1
,,1
,,1
,,1
,,1
,,1
,,1
,,1
,,1
,,1
,,1
,,1
,,1
,,1
,,1
,,1
,,1
,,1
,,1
,,1
,,1
,,1
,,1
,,1
,,1
,,1
,,1
,,1
,,1
,,1
,,1
,,1
,,1
,,1
,,1
,,1
,,1
,,1
,,1
,,1
,,1
,,1
,,1
,,1
,,1
,,1
,,1
,,1
,,1
,,1
,,1
,,1
,,1
,,1
,,1
,,1
,,1
,,1
,,1
,,1
,,1
,,1
,,1
,,1
,,1
,,1
,,1
,,1
,,1
,,1
,,1
,,1
,,1
,,1
,,1
,,1
,,1
,,1
,,1
,,1
,,1
,,1
,,1
,,1
,,1
,,1
,,1
,,1
,,1
,,1
,,1
,,1
,,1
,,1
,,1
,,1
,,1
,,1
,,1
,,1
,,1
,,1
,,1
,,1
,,1
,,1
,,1
,,1
,,1
,,1
,,1
,,1
,,1
,,1
,,1
,,1
,,1
,,1
,,1
,,1
,,1
,,1
,,1
,,1
,,1
,,1
,,1
,,1
,,1
,,1
,,1
,,1
,,1
,,1
,,1
,,1
,,1
,,1
,,1
,,1
,,1
,,1
,,1
,,1
,,1
,,1
,,1
,,1
,,1
,,1
,,1
,,1
,,1
,,1
,,1
,,1
,,1
,,1
,,1
,,1
,,1
,,1
,,1
,,1
,,1
,,1
,,1
,,1
,,1
,,1
,,1
,,1
,,1
,,1
,,1
,,1
,,1
,,1
,,1
,,1
,,1
,,1
,,1
,,1
,,1
,,1
,,1
,,1
,,1
,,1
,,1
,,1
,,1
,,1
,,1
,,1
,,1
,,1
,,1
,,1
,,1
,,1
,,1
,,1
,,1
,,1
,,1
,,1
,,1
,,1
,,1
,,1
,,1
,,1
,,1
,,1
,,1
,,1
,,1
,,1
,,1
,,1
,,1
,,1
,,1
,,1
,,1
,,1
,,1
,,1
,,1
,,1
,,1
,,1
,,1
,,1
,,1
,,1
,,1
,,1
,,1
,,1
,,1
,,1
,,1
,,1
,,1
,,1
,,1
,,1
,,1
,,1
,,1
,,1
,,1
,,1
,,1
,,1
,,1
,,1
,,1
,,1
,,1
,,1
,,1
,,1
,,1
,,1
,,1
,,1
,,1
,,1
,,1
,,1
,,1
,,1
,,1
,,1
,,1
,,1
,,1
,,1
,,1
,,1
,,1
,,1
,,1
,,1
,,1
,,1
,,1
,,1
,,1
,,1
,,1
,,1
,,1
,,1
,,1
,,1
,,1
,,1
,,1
,,1
,,1
,,1
,,1
,,1
,,1
,,1
,,1
,,1
,,1
,,1
,,1
,,1
,,1
,,1
,,1
,,1
,,1
,,1
,,1
,,1
,,1
,,1
,,1
,,1
,,1
,,1
,,1
,,1
,,1
,,1
,,1
,,1
,,1
,,1
,,1
,,1
,,1
,,1
,,1
,,1
,,1
,,1
,,1
,,1
,,1
,,1
,,1
,,1
,,1
,,1
,,1
,,1
,,1
,,1
,,1
,,1
,,1
,,1
,,1
,,1
,,1
,,1
,,1
,,1
,,1
,,1
,,1
,,1
,,1
,,1
,,1
,,1
,,1
,,1
,,1
,,1
,,1
,,1
,,1
,,1
,,1
,,1
,,1
,,1
,,1
,,1
,,1
,,1
,,1
,,1
,,1
,,1
,,1
,,1
,,1
,,1
,,1
,,1
,,1
,,1
,,1
,,1
,,1
,,1
,,1
,,1
,,1
,,1
,,1
,,1
,,1
,,1
,,1
,,1
,,1
,,1
,,1
,,1
,,1
,,1
,,1
,,1
,,1
,,1
,,1
,,1
,,1
,,1
,,1
,,1
,,1
,,1
,,1
,,1
,,1
,,1
,,1
,,1
,,1
,,1
,,1
,,1
,,1
,,1
,,1
,,1
,,1
,,1
,,1
,,1
,,1
,,1
,,1
,,1
,,1
,,1
,,1
,,1
,,1
,,1
,,1
,,1
,,1
,,1
,,1
,,1
,,1
,,1
,,1
,,1
,,1
,,1
,,1
,,1
,,1
,,1
,,1
,,1
,,1
,,1
,,1
,,1
,,1
,,1
,,1
,,1
,,1
,,1
,,1
,,1
,,1
,,1
,,1
,,1
,,1
,,1
,,1
,,1
,,1
,,1
,,1
,,1
,,1
,,1
,,1
,,1
,,1
,,1
,,1
,,1
,,1
,,1
,,1
,,1
,,1
,,1
,,1
,,1
,,1
,,1
,,1
,,1
,,1
,,1
,,1
,,1
,,1
,,1
,,1
,,1
,,1
,,1
,,1
,,1
,,1
,,1
,,1
,,1
,,1
,,1
,,1
,,1
,,1
,,1
,,1
,,1
,,1
,,1
,,1
,,1
,,1
,,1
,,1
,,1
,,1
,,1
,,1
,,1
,,1
,,1
,,1
,,1
,,1
,,1
,,1
,,1
,,1
,,1
,,1
,,1
,,1
,,1
,,1
,,1
,,1
,,1
,,1
,,1
,,1
,,1
,,1
,,1
,,1
,,1
,,1
,,1
,,1
,,1
,,1
,,1
,,1
,,1
,,1
,,1
,,1
,,1
,,1
,,1
,,1
,,1
,,1
,,1
,,1
,,1
,,1
,,1
,,1
,,1
,,1
,,1
,,1
,,1
,,1
,,1
,,1
,,1
,,1
,,1
,,1
,,1
,,1
,,1
,,1
,,1
,,1
,,1
,,1
,,1
,,1
,,1
,,1
,,1
,,1
,,1
,,1
,,1
,,1
,,1
,,1
,,1
,,1
,,1
,,1
,,1
,,1
,,1
,,1
,,1
,,1
,,1
,,1
,,1
,,1
,,1
,,1
,,1
,,1
,,1
,,1
,,1
,,1
,,1
,,1
,,1
,,1
,,1
,,1
,,1
,,1
,,1
,,1
,,1
,,1
,,1
,,1
,,1
,,1
,,1
,,1
,,1
,,1
,,1
,,1
,,1
,,1
,,1
,,1
,,1
,,1
,,1
,,1
,,1
,,1
,,1
,,1
,,1
,,1
,,1
,,1
,,1
,,1
,,1
,,1
,,1
,,1
,,1
,,1
,,1
,,1
,,1
,,1
,,1
,,1
,,1
,,1
,,1
,,1
,,1
,,1
,,1
,,1
,,1
,,1
,,1
,,1
,,1
,,1
,,1
,,1
,,1
,,1
,,1
,,1
,,1
,,1
,,1
,,1
,,1
,,1
,,1
,,1
,,1
,,1
,,1
,,1
,,1
,,1
,,1
,,1
,,1
,,1
,,1
,,1
,,1
,,1
,,1
,,1
,,1
,,1
,,1
,,1
,,1
,,1
,,1
,,1
,,1
,,1
,,1
,,1
,,1
,,1
,,1
,,1
,,1
,,1
,,1
,,1
,,1
,,1
,,1
,,1
,,1
,,1
,,1
,,1
,,1
,,1
,,1
,,1
,,1
,,1
,,1
,,1
,,1
,,1
,,1
,,1
,,1
,,1
,,1
,,1
,,1
,,1
,,1
,,1
,,1
,,1
,,1
,,1
,,1
,,1
,,1
,,1
,,1
,,1
,,1
,,1
,,1
,,1
,,1
,,1
,,1
,,1
,,1
,,1
,,1
,,1
,,1
,,1
,,1
,,1
,,1
,,1
,,1
,,1
,,1
,,1
,,1
,,1
,,1
,,1
,,1
,,1
,,1
,,1
,,1
,,1
,,1
,,1
,,1
,,1
,,1
,,1
,,1
,,1
,,1
,,1
,,1
,,1
,,1
,,1
,,1
,,1
,,1
,,1
,,1
,,1
,,1
,,1
,,1
,,1
,,1
,,1
,,1
,,1
,,1
,,1
,,1
,,1
,,1
,,1
,,1
,,1
,,1
,,1
,,1
,,1
,,1
,,1
,,1
,,1
,,1
,,1
,,1
,,1
,,1
,,1
,,1
,,1
,,1
,,1
,,1
,,1
,,1
,,1
,,1
,,1
,,1
,,1
,,1
,,1
,,1
,,1
,,1
,,1
,,1
,,1
,,1
,,1
,,1
,,1
,,1
,,1
,,1
,,1
,,1
,,1
,,1
,,1
,,1
,,1
,,1
,,1
,,1
,,1
,,1
,,1
,,1
,,1
,,1
,,1
,,1
,,1
,,1
,,1
,,1
,,1
,,1
,,1
,,1
,,1
,,1
,,1
,,1
,,1
,,1
,,1
,,1
,,1
,,1
,,1
,,1
,,1
,,1
,,1
,,1
,,1
,,1
,,1
,,1
,,1
,,1
,,1
,,1
,,1
,,1
,,1
,,1
,,1
,,1
,,1
,,1
,,1
,,1
,,1
,,1
,,1
,,1
,,1
,,1
,,1
,,1
,,1
,,1
,,1
,,1
,,1
,,1
,,1
,,1
,,1
,,1
,,1
,,1
,,1
,,1
,,1
,,1
,,1
,,1
,,1
,,1
,,1
,,1
,,1
,,1
,,1
,,1
,,1
,,1
,,1
,,1
,,1
,,1
,,1
,,1
,,1
,,1
,,1
,,1
,,1
,,1
,,1
,,1
,,1
,,1
,,1
,,1
,,1
,,1
,,1
,,1
,,1
,,1
,,1
,,1
,,1
,,1
,,1
,,1
,,1
,,1
,,1
,,1
,,1
,,1
,,1
,,1
,,1
,,1
,,1
,,1
,,1
,,1
,,1
,,1
,,1
,,1
,,1
,,1
,,1
,,1
,,1
,,1
,,1
,,1
,,1
,,1
,,1
,,1
,,1
,,1
,,1
,,1
,,1
,,1
,,1
,,1
,,1
,,1
,,1
,,1
,,1
,,1
,,1
,,1
,,1
,,1
,,1
,,1
,,1
,,1
,,1
,,1
,,1
,,1
,,1
,,1
,,1
,,1
,,1
,,1
,,1
,,1
,,1
,,1
,,1
,,1
,,1
,,1
,,1
,,1
,,1
,,1
,,1
,,1
,,1
,,1
,,1
,,1
,,1
,,1
,,1
,,1
,,1
,,1
,,1
,,1
,,1
,,1
,,1
,,1
,,1
,,1
,,1
,,1
,,1
,,1
,,1
,,1
,,1
,,1
,,1
,,1
,,1
,,1
,,1
,,1
,,1
,,1
,,1
,,1
,,1
,,1
,,1
,,1
,,1
,,1
,,1
,,1
,,1
,,1
,,1
,,1
,,1
,,1
,,1
,,1
,,1
,,1
,,1
,,1
,,1
,,1
,,1
,,1
,,1
,,1
,,1
,,1
,,1
,,1
,,1
,,1
,,1
,,1
,,1
,,1
,,1
,,1
,,1
,,1
,,1
,,1
,,1
,,1
,,1
,,1
,,1
,,1
,,1
,,1
,,1
,,1
,,1
,,1
,,1
,,1
,,1
,,1
,,1
,,1
,,1
,,1
,,1
,,1
,,1
,,1
,,1
,,1
,,1
,,1
,,1
,,1
,,1
,,1
,,1
,,1
,,1
,,1
,,1
,,1
,,1
,,1
,,1
,,1
,,1
,,1
,,1
,,1
,,1
,,1
,,1
,,1
,,1
,,1
,,1
,,1
,,1
,,1
,,1
,,1
,,1
,,1
,,1
,,1
,,1
,,1
,,1
,,1
,,1
,,1
,,1
,,1
,,1
,,1
,,1
,,1
,,1
,,1
,,1
,,1
,,1
,,1
,,1
,,1
,,1
,,1
,,1
,,1
,,1
,,1
,,1
,,1
,,1
,,1
,,1
,,1
,,1
,,1
,,1
,,1
,,1
,,1
,,1
,,1
,,1
,,1
,,1
,,1
,,1
,,1
,,1
,,1
,,1
,,1
,,1
,,1
,,1
,,1
,,1
,,1
,,1
,,1
,,1
,,1
,,1
,,1
,,1
,,1
,,1
,,1
,,1
,,1
,,1
,,1
,,1
,,1
,,1
,,1
,,1
,,1
,,1
,,1
,,1
,,1
,,1
,,1
,,1
,,1
,,1
,,1
,,1
,,1
,,1
,,1
,,1
,,1
,,1
,,1
,,1
,,1
,,1
,,1
,,1
,,1
,,1
,,1
,,1
,,1
,,1
,,1
,,1
,,1
,,1
,,1
,,1
,,1
,,1
,,1
,,1
,,1
,,1
,,1
,,1
,,1
,,1
,,1
,,1
,,1
,,1
,,1
,,1
,,1
,,1
,,1
,,1
,,1
,,1
,,1
,,1
,,1
,,1
,,1
,,1
,,1
,,1
,,1
,,1
,,1
,,1
,,1
,,1
,,1
,,1
,,1
,,1
,,1
,,1
,,1
,,1
,,1
,,1
,,1
,,1
,,1
,,1
,,1
,,1
,,1
,,1
,,1
,,1
,,1
,,1
,,1
,,1
,,1
,,1
,,1
,,1
,,1
,,1
,,1
,,1
,,1
,,1
,,1
,,1
,,1
,,1
,,1
,,1
,,1
,,1
,,1
,,1
,,1
,,1
,,1
,,1
,,1
,,1
,,1
,,1
,,1
,,1
,,1
,,1
,,1
,,1
,,1
,,1
,,1
,,1
,,1
,,1
,,1
,,1
,,1
,,1
,,1
,,1
,,1
,,1
,,1
,,1
,,1
,,1
,,1
,,1
,,1
,,1
,,1
,,1
,,1
,,1
,,1
,,1
,,1
,,1
,,1
,,1
,,1
,,1
,,1
,,1
,,1
,,1
,,1
,,1
,,1
,,1
,,1
,,1
,,1
,,1
,,1
,,1
,,1
,,1
,,1
,,1
,,1
,,1
,,1
,,1
,,1
,,1
,,1
,,1
,,1
,,1
,,1
,,1
,,1
,,1
,,1
,,1
,,1
,,1
,,1
,,1
,,1
,,1
,,1
,,1
,,1
,,1
,,1
,,1
,,1
,,1
,,1
,,1
,,1
,,1
,,1
,,1
,,1
,,1
,,1
,,1
,,1
,,1
,,1
,,1
,,1
,,1
,,1
,,1
,,1
,,1
,,1
,,1
,,1
,,1
,,1
,,1
,,1
,,1
,,1
,,1
,,1
,,1
,,1
,,1
,,1
,,1
,,1
,,1
,,1
,,1
,,1
,,1
,,1
,,1
,,1
,,1
,,1
,,1
,,1
,,1
,,1
,,1
,,1
,,1
,,1
,,1
,,1
,,1
,,1
,,1
,,1
,,1
,,1
,,1
,,1
,,1
,,1
,,1
,,1
,,1
,,1
,,1
,,1
,,1
,,1
,,1
,,1
,,1
,,1
,,1
,,1
,,1
,,1
,,1
,,1
,,1
,,1
,,1
,,1
,,1
,,1
,,1
,,1
,,1
,,1
,,1
,,1
,,1
,,1
,,1
,,1
,,1
,,1
,,1
,,1
,,1
,,1
,,1
,,1
,,1
,,1
,,1
,,1
,,1
,,1
,,1
,,1
,,1
,,1
,,1
,,1
,,1
,,1
,,1
,,1
,,1
,,1
,,1
,,1
,,1
,,1
,,1
,,1
,,1
,,1
,,1
,,1
,,1
,,1
,,1
,,1
,,1
,,1
,,1
,,1
,,1
,,1
,,1
,,1
,,1
,,1
,,1
,,1
,,1
,,1
,,1
,,1
,,1
,,1
,,1
,,1
,,1
,,1
,,1
,,1
,,1
,,1
,,1
,,1
,,1
,,1
,,1
,,1
,,1
,,1
,,1
,,1
,,1
,,1
,,1
,,1
,,1
,,1
,,1
,,1
,,1
,,1
,,1
,,1
,,1
,,1
,,1
,,1
,,1
,,1
,,1
,,1
,,1
,,1
,,1
,,1
,,1
,,1
,,1
,,1
,,1
,,1
,,1
,,1
,,1
,,1
,,1
,,1
,,1
,,1
,,1
,,1
,,1
,,1
,,1
,,1
,,1
,,1
,,1
,,1
,,1
,,1
,,1
,,1
,,1
,,1
,,1
,,1
,,1
,,1
,,1
,,1
,,1
,,1
,,1
,,1
,,1
,,1
,,1
,,1
,,1
,,1
,,1
,,1
,,1
,,1
,,1
,,1
,,1
,,1
,,1
,,1
,,1
,,1
,,1
,,1
,,1
,,1
,,1
,,1
,,1
,,1
,,1
,,1
,,1
,,1
,,1
,,1
,,1
,,1
,,1
,,1
,,1
,,1
,,1
,,1
,,1
,,1
,,1
,,1
,,1
,,1
,,1
,,1
,,1
,,1
,,1
,,1
,,1
,,1
,,1
,,1
,,1
,,1
,,1
,,1
,,1
,,1
,,1
,,1
,,1
,,1
,,1
,,1
,,1
,,1
,,1
,,1
,,1
,,1
,,1
,,1
,,1
,,1
,,1
,,1
,,1
,,1
,,1
,,1
,,1
,,1
,,1
,,1
,,1
,,1
,,1
,,1
,,1
,,1
,,1
,,1
,,1
,,1
,,1
,,1
,,1
,,1
,,1
,,1
,,1
,,1
,,1
,,1
,,1
,,1
,,1
,,1
,,1
,,1
,,1
,,1
,,1
,,1
,,1
,,1
,,1
,,1
,,1
,,1
,,1
,,1
,,1
,,1
,,1
,,1
,,1
,,1
,,1
,,1
,,1
,,1
,,1
,,1
,,1
,,1
,,1
,,1
,,1
,,1
,,1
,,1
,,1
,,1
,,1
,,1
,,1
,,1
,,1
,,1
,,1
,,1
,,1
,,1
,,1
,,1
,,1
,,1
,,1
,,1
,,1
,,1
,,1
,,1
,,1
,,1
,,1
,,1
,,1
,,1
,,1
,,1
,,1
,,1
,,1
,,1
,,1
,,1
,,1
,,1
,,1
,,1
,,1
,,1
,,1
,,1
,,1
,,1
,,1
,,1
,,1
,,1
,,1
,,1
,,1
,,1
,,1
,,1
,,1
,,1
,,1
,,1
,,1
,,1
,,1
,,1
,,1
,,1
,,1
,,1
,,1
,,1
,,1
,,1
,,1
,,1
,,1
,,1
,,1
,,1
,,1
,,1
,,1
,,1
,,1
,,1
,,1
,,1
,,1
,,1
,,1
,,1
,,1
,,1
,,1
,,1
,,1
,,1
,,1
,,1
,,1
,,1
,,1
,,1
,,1
,,1
,,1
,,1
,,1
,,1
,,1
,,1
,,1
,,1
,,1
,,1
,,1
,,1
,,1
,,1
,,1
,,1
,,1
,,1
,,1
,,1
,,1
,,1
,,1
,,1
,,1
,,1
,,1
,,1
,,1
,,1
,,1
,,1
,,1
,,1
,,1
,,1
,,1
,,1
,,1
,,1
,,1
,,1
,,1
,,1
,,1
,,1
,,1
,,1
,,1
,,1
,,1
,,1
,,1
,,1
,,1
,,1
,,1
,,1
,,1
,,1
,,1
,,1
,,1
,,1
,,1
,,1
,,1
,,1
,,1
,,1
,,1
,,1
,,1
,,1
,,1
,,1
,,1
,,1
,,1
,,1
,,1
,,1
,,1
,,1
,,1
,,1
,,1
,,1
,,1
,,1
,,1
,,1
,,1
,,1
,,1
,,1
,,1
,,1
,,1
,,1
,,1
,,1
,,1
,,1
,,1
,,1
,,1
,,1
,,1
,,1
,,1
,,1
,,1
,,1
,,1
,,1
,,1
,,1
,,1
,,1
,,1
,,1
,,1
,,1
,,1
,,1
,,1
,,1
,,1
,,1
,,1
,,1
,,1
,,1
,,1
,,1
,,1
,,1
,,1
,,1
,,1
,,1
,,1
,,1
,,1
,,1
,,1
,,1
,,1
,,1
,,1
,,1
,,1
,,1
,,1
,,1
,,1
,,1
,,1
,,1
,,1
,,1
,,1
,,1
,,1
,,1
,,1
,,1
,,1
,,1
,,1
,,1
,,1
,,1
,,1
,,1
,,1
,,1
,,1
,,1
,,1
,,1
,,1
,,1
,,1
,,1
,,1
,,1
,,1
,,1
,,1
,,1
,,1
,,1
,,1
,,1
,,1
,,1
,,1
,,1
,,1
,,1
,,1
,,1
,,1
,,1
,,1
,,1
,,1
,,1
,,1
,,1
,,1
,,1
,,1
,,1
,,1
,,1
,,1
,,1
,,1
,,1
,,1
,,1
,,1
,,1
,,1
,,1
,,1
,,1
,,1
,,1
,,1
,,1
,,1
,,1
,,1
,,1
,,1
,,1
,,1
,,1
,,1
,,1
,,1
,,1
,,1
,,1
,,1
,,1
,,1
,,1
,,1
,,1
,,1
,,1
,,1
,,1
,,1
,,1
,,1
,,1
,,1
,,1
,,1
,,1
,,1
,,1
,,1
,,1
,,1
,,1
,,1
,,1
,,1
,,1
,,1
,,1
,,1
,,1
,,1
,,1
,,1
,,1
,,1
,,1
,,1
,,1
,,1
,,1
,,1
,,1
,,1
,,1
,,1
,,1
,,1
,,1
,,1
,,1
,,1
,,1
,,1
,,1
,,1
,,1
,,1
,,1
,,1
,,1
,,1
,,1
,,1
,,1
,,1
,,1
,,1
,,1
,,1
,,1
,,1
,,1
,,1
,,1
,,1
,,1
,,1
,,1
,,1
,,1
,,1
,,1
,,1
,,1
,,1
,,1
,,1
,,1
,,1
,,1
,,1
,,1
,,1
,,1
,,1
,,1
,,1
,,1
,,1
,,1
,,1
,,1
,,1
,,1
,,1
,,1
,,1
,,1
,,1
,,1
,,1
,,1
,,1
,,1
,,1
,,1
,,1
,,1
,,1
,,1
,,1
,,1
,,1
,,1
,,1
,,1
,,1
,,1
,,1
,,1
,,1
,,1
,,1
,,1
,,1
,,1
,,1
,,1
,,1
,,1
,,1
,,1
,,1
,,1
,,1
,,1
,,1
,,1
,,1
,,1
,,1
,,1
,,1
,,1
,,1
,,1
,,1
,,1
,,1
,,1
,,1
,,1
,,1
,,1
,,1
,,1
,,1
,,1
,,1
,,1
,,1
,,1
,,1
,,1
,,1
,,1
,,1
,,1
,,1
,,1
,,1
,,1
,,1
,,1
,,1
,,1
,,1
,,1
,,1
,,1
,,1
,,1
,,1
,,1
,,1
,,1
,,1
,,1
,,1
,,1
,,1
,,1
,,1
,,1
,,1
,,1
,,1
,,1
,,1
,,1
,,1
,,1
,,1
,,1
,,1
,,1
,,1
,,1
,,1
,,1
,,1
,,1
,,1
,,1
,,1
,,1
,,1
,,1
,,1
,,1
,,1
,,1
,,1
,,1
,,1
,,1
,,1
,,1
,,1
,,1
,,1
,,1
,,1
,,1
,,1
,,1
,,1
,,1
,,1
,,1
,,1
,,1
,,1
,,1
,,1
,,1
,,1
,,1
,,1
,,1
,,1
,,1
,,1
,,1
,,1
,,1
,,1
,,1
,,1
,,1
,,1
,,1
,,1
,,1
,,1
,,1
,,1
,,1
,,1
,,1
,,1
,,1
,,1
,,1
,,1
,,1
,,1
,,1
,,1
,,1
,,1
,,1
,,1
,,1
,,1
,,1
,,1
,,1
,,1
,,1
,,1
,,1
,,1
,,1
,,1
,,1
,,1
,,1
,,1
,,1
,,1
,,1
,,1
,,1
,,1
,,1
,,1
,,1
,,1
,,1
,,1
,,1
,,1
,,1
,,1
,,1
,,1
,,1
,,1
,,1
,,1
,,1
,,1
,,1
,,1
,,1
,,1
,,1
,,1
,,1
,,1
,,1
,,1
,,1
,,1
,,1
,,1
,,1
,,1
,,1
,,1
,,1
,,1
,,1
,,1
,,1
,,1
,,1
,,1
,,1
,,1
,,1
,,1
,,1
,,1
,,1
,,1
,,1
,,1
,,1
,,1
,,1
,,1
,,1
,,1
,,1
,,1
,,1
,,1
,,1
,,1
,,1
,,1
,,1
,,1
,,1
,,1
,,1
,,1
,,1
,,1
,,1
,,1
,,1
,,1
,,1
,,1
,,1
,,1
,,1
,,1
,,1
,,1
,,1
,,1
,,1
,,1
,,1
,,1
,,1
,,1
,,1
,,1
,,1
,,1
,,1
,,1
,,1
,,1
,,1
,,1
,,1
,,1
,,1
,,1
,,1
,,1
,,1
,,1
,,1
,,1
,,1
,,1
,,1
,,1
,,1
,,1
,,1
,,1
,,1
,,1
,,1
,,1
,,1
,,1
,,1
,,1
,,1
,,1
,,1
,,1
,,1
,,1
,,1
,,1
,,1
,,1
,,1
,,1
,,1
,,1
,,1
,,1
,,1
,,1
,,1
,,1
,,1
,,1
,,1
,,1
,,1
,,1
,,1
,,1
,,1
,,1
,,1
,,1
,,1
,,1
,,1
,,1
,,1
,,1
,,1
,,1
,,1
,,1
,,1
,,1
,,1
,,1
,,1
,,1
,,1
,,1
,,1
,,1
,,1
,,1
,,1
,,1
,,1
,,1
,,1
,,1
,,1
,,1
,,1
,,1
,,1
,,1
,,1
,,1
,,1
,,1
,,1
,,1
,,1
,,1
,,1
,,1
,,1
,,1
,,1
,,1
,,1
,,1
,,1
,,1
,,1
,,1
,,1
,,1
,,1
,,1
,,1
,,1
,,1
,,1
,,1
,,1
,,1
,,1
,,1
,,1
,,1
,,1
,,1
,,1
,,1
,,1
,,1
,,1
,,1
,,1
,,1
,,1
,,1
,,1
,,1
,,1
,,1
,,1
,,1
,,1
,,1
,,1
,,1
,,1
,,1
,,1
,,1
,,1
,,1
,,1
,,1
,,1
,,1
,,1
,,1
,,1
,,1
,,1
,,1
,,1
,,1
,,1
,,1
,,1
,,1
,,1
,,1
,,1
,,1
,,1
,,1
,,1
,,1
,,1
,,1
,,1
,,1
,,1
,,1
,,1
,,1
,,1
,,1
,,1
,,1
,,1
,,1
,,1
,,1
,,1
,,1
,,1
,,1
,,1
,,1
,,1
,,1
,,1
,,1
,,1
,,1
,,1
,,1
,,1
,,1
,,1
,,1
,,1
,,1
,,1
,,1
,,1
,,1
,,1
,,1
,,1
,,1
,,1
,,1
,,1
,,1
,,1
,,1
,,1
,,1
,,1
,,1
,,1
,,1
,,1
,,1
,,1
,,1
,,1
,,1
,,1
,,1
,,1
,,1
,,1
,,1
,,1
,,1
,,1
,,1
,,1
,,1
,,1
,,1
,,1
,,1
,,1
,,1
,,1
,,1
,,1
,,1
,,1
,,1
,,1
,,1
,,1
,,1
,,1
,,1
,,1
,,1
,,1
,,1
,,1
,,1
,,1
,,1
,,1
,,1
,,1
,,1
,,1
,,1
,,1
,,1
,,1
,,1
,,1
,,1
,,1
,,1
,,1
,,1
,,1
,,1
,,1
,,1
,,1
,,1
,,1
,,1
,,1
,,1
,,1
,,1
,,1
,,1
,,1
,,1
,,1
,,1
,,1
,,1
,,1
,,1
,,1
,,1
,,1
,,1
,,1
,,1
,,1
,,1
,,1
,,1
,,1
,,1
,,1
,,1
,,1
,,1
,,1
,,1
,,1
,,1
,,1
,,1
,,1
,,1
,,1
,,1
,,1
,,1
,,1
,,1
,,1
,,1
,,1
,,1
,,1
,,1
,,1
,,1
,,1
,,1
,,1
,,1
,,1
,,1
,,1
,,1
,,1
,,1
,,1
,,1
,,1
,,1
,,1
,,1
,,1
,,1
,,1
,,1
,,1
,,1
,,1
,,1
,,1
,,1
,,1
,,1
,,1
,,1
,,1
,,1
,,1
,,1
,,1
,,1
,,1
,,1
,,1
,,1
,,1
,,1
,,1
,,1
,,1
,,1
,,1
,,1
,,1
,,1
,,1
,,1
,,1
,,1
,,1
,,1
,,1
,,1
,,1
,,1
,,1
,,1
,,1
,,1
,,1
,,1
,,1
,,1
,,1
,,1
,,1
,,1
,,1
,,1
,,1
,,1
,,1
,,1
,,1
,,1
,,1
,,1
,,1
,,1
,,1
,,1
,,1
,,1
,,1
,,1
,,1
,,1
,,1
,,1
,,1
,,1
,,1
,,1
,,1
,,1
,,1
,,1
,,1
,,1
,,1
,,1
,,1
,,1
,,1
,,1
,,1
,,1
,,1
,,1
,,1
,,1
,,1
,,1
,,1
,,1
,,1
,,1
,,1
,,1
,,1
,,1
,,1
,,1
,,1
,,1
,,1
,,1
,,1
,,1
,,1
,,1
,,1
,,1
,,1
,,1
,,1
,,1
,,1
,,1
,,1
,,1
,,1
,,1
,,1
,,1
,,1
,,1
,,1
,,1
,,1
,,1
,,1
,,1
,,1
,,1
,,1
,,1
,,1
,,1
,,1
,,1
,,1
,,1
,,1
,,1
,,1
,,1
,,1
,,1
,,1
,,1
,,1
,,1
,,1
,,1
,,1
,,1
,,1
,,1
,,1
,,1
,,1
,,1
,,1
,,1
,,1
,,1
,,1
,,1
,,1
,,1
,,1
,,1
,,1
,,1
,,1
,,1
,,1
,,1
,,1
,,1
,,1
,,1
,,1
,,1
,,1
,,1
,,1
,,1
,,1
,,1
,,1
,,1
,,1
,,1
,,1
,,1
,,1
,,1
,,1
,,1
,,1
,,1
,,1
,,1
,,1
,,1
,,1
,,1
,,1
,,1
,,1
,,1
,,1
,,1
,,1
,,1
,,1
,,1
,,1
,,1
,,1
,,1
,,1
,,1
,,1
,,1
,,1
,,1
,,1
,,1
,,1
,,1
,,1
,,1
,,1
,,1
,,1
,,1
,,1
,,1
,,1
,,1
,,1
,,1
,,1
,,1
,,1
,,1
,,1
,,1
,,1
,,1
,,1
,,1
,,1
,,1
,,1
,,1
,,1
,,1
,,1
,,1
,,1
,,1
,,1
,,1
,,1
,,1
,,1
,,1
,,1
,,1
,,1
,,1
,,1
,,1
,,1
,,1
,,1
,,1
,,1
,,1
,,1
,,1
,,1
,,1
,,1
,,1
,,1
,,1
,,1
,,1
,,1
,,1
,,1
,,1
,,1
,,1
,,1
,,1
,,1
,,1
,,1
,,1
,,1
,,1
,,1
,,1
,,1
,,1
,,1
,,1
,,1
,,1
,,1
,,1
,,1
,,1
,,1
,,1
,,1
,,1
,,1
,,1
,,1
,,1
,,1
,,1
,,1
,,1
,,1
,,1
,,1
,,1
,,1
,,1
,,1
,,1
,,1
,,1
,,1
,,1
,,1
,,1
,,1
,,1
,,1
,,1
,,1
,,1
,,1
,,1
,,1
,,1
,,1
,,1
,,1
,,1
,,1
,,1
,,1
,,1
,,1
,,1
,,1
,,1
,,1
,,1
,,1
,,1
,,1
,,1
,,1
,,1
,,1
,,1
,,1
,,1
,,1
,,1
,,1
,,1
,,1
,,1
,,1
,,1
,,1
,,1
,,1
,,1
,,1
,,1
,,1
,,1
,,1
,,1
,,1
,,1
,,1
,,1
,,1
,,1
,,1
,,1
,,1
,,1
,,1
,,1
,,1
,,1
,,1
,,1
,,1
,,1
,,1
,,1
,,1
,,1
,,1
,,1
,,1
,,1
,,1
,,1
,,1
,,1
,,1
,,1
,,1
,,1
,,1
,,1
,,1
,,1
,,1
,,1
,,1
,,1
,,1
,,1
,,1
,,1
,,1
,,1
,,1
,,1
,,1
,,1
,,1
,,1
,,1
,,1
,,1
,,1
,,1
,,1
,,1
,,1
,,1
,,1
,,1
,,1
,,1
,,1
,,1
,,1
,,1
,,1
,,1
,,1
,,1
,,1
,,1
,,1
,,1
,,1
,,1
,,1
,,1
,,1
,,1
,,1
,,1
,,1
,,1
,,1
,,1
,,1
,,1
,,1
,,1
,,1
,,1
,,1
,,1
,,1
,,1
,,1
,,1
,,1
,,1
,,1
,,1
,,1
,,1
,,1
,,1
,,1
,,1
,,1
,,1
,,1
,,1
,,1
,,1
,,1
,,1
,,1
,,1
,,1
,,1
,,1
,,1
,,1
,,1
,,1
,,1
,,1
,,1
,,1
,,1
,,1
,,1
,,1
,,1
,,1
,,1
,,1
,,1
,,1
,,1
,,1
,,1
,,1
,,1
,,1
,,1
,,1
,,1
,,1
,,1
,,1
,,1
,,1
,,1
,,1
,,1
,,1
,,1
,,1
,,1
,,1
,,1
,,1
,,1
,,1
,,1
,,1
,,1
,,1
,,1
,,1
,,1
,,1
,,1
,,1
,,1
,,1
,,1
,,1
,,1
,,1
,,1
,,1
,,1
,,1
,,1
,,1
,,1
,,1
,,1
,,1
,,1
,,1
,,1
,,1
,,1
,,1
,,1
,,1
,,1
,,1
,,1
,,1
,,1
,,1
,,1
,,1
,,1
,,1
,,1
,,1
,,1
,,1
,,1
,,1
,,1
,,1
,,1
,,1
,,1
,,1
,,1
,,1
,,1
,,1
,,1
,,1
,,1
,,1
,,1
,,1
,,1
,,1
,,1
,,1
,,1
,,1
,,1
,,1
,,1
,,1
,,1
,,1
,,1
,,1
,,1
,,1
,,1
,,1
,,1
,,1
,,1
,,1
,,1
,,1
,,1
,,1
,,1
,,1
,,1
,,1
,,1
,,1
,,1
,,1
,,1
,,1
,,1
,,1
,,1
,,1
,,1
,,1
,,1
,,1
,,1
,,1
,,1
,,1
,,1
,,1
,,1
,,1
,,1
,,1
,,1
,,1
,,1
,,1
,,1
,,1
,,1
,,1
,,1
,,1
,,1
,,1
,,1
,,1
,,1
,,1
,,1
,,1
,,1
,,1
,,1
,,1
,,1
,,1
,,1
,,1
,,1
,,1
,,1
,,1
,,1
,,1
,,1
,,1
,,1
,,1
,,1
,,1
,,1
,,1
,,1
,,1
,,1
,,1
,,1
,,1
,,1
,,1
,,1
,,1
,,1
,,1
,,1
,,1
,,1
,,1
,,1
,,1
,,1
,,1
,,1
,,1
,,1
,,1
,,1
,,1
,,1
,,1
,,1
,,1
,,1
,,1
,,1
,,1
,,1
,,1
,,1
,,1
,,1
,,1
,,1
,,1
,,1
,,1
,,1
,,1
,,1
,,1
,,1
,,1
,,1
,,1
,,1
,,1
,,1
,,1
,,1
,,1
,,1
,,1
,,1
,,1
,,1
,,1
,,1
,,1
,,1
,,1
,,1
,,1
,,1
,,1
,,1
,,1
,,1
,,1
,,1
,,1
,,1
,,1
,,1
,,1
,,1
,,1
,,1
,,1
,,1
,,1
,,1
,,1
,,1
,,1
,,1
,,1
,,1
,,1
,,1
,,1
,,1
,,1
,,1
,,1
,,1
,,1
,,1
,,1
,,1
,,1
,,1
,,1
,,1
,,1
,,1
,,1
,,1
,,1
,,1
,,1
,,1
,,1
,,1
,,1
,,1
,,1
,,1
,,1
,,1
,,1
,,1
,,1
,,1
,,1
,,1
,,1
,,1
,,1
,,1
,,1
,,1
,,1
,,1
,,1
,,1
,,1
,,1
,,1
,,1
,,1
,,1
,,1
,,1
,,1
,,1
,,1
,,1
,,1
,,1
,,1
,,1
,,1
,,1
,,1
,,1
,,1
,,1
,,1
,,1
,,1
,,1
,,1
,,1
,,1
,,1
,,1
,,1
,,1
,,1
,,1
,,1
,,1
,,1
,,1
,,1
,,1
,,1
,,1
,,1
,,1
,,1
,,1
,,1
,,1
,,1
,,1
,,1
,,1
,,1
,,1
,,1
,,1
,,1
,,1
,,1
,,1
,,1
,,1
,,1
,,1
,,1
,,1
,,1
,,1
,,1
,,1
,,1
,,1
,,1
,,1
,,1
,,1
,,1
,,1
,,1
,,1
,,1
,,1
,,1
,,1
,,1
,,1
,,1
,,1
,,1
,,1
,,1
,,1
,,1
,,1
,,1
,,1
,,1
,,1
,,1
,,1
,,1
,,1
,,1
,,1
,,1
,,1
,,1
,,1
,,1
,,1
,,1
,,1
,,1
,,1
,,1
,,1
,,1
,,1
,,1
,,1
,,1
,,1
,,1
,,1
,,1
,,1
,,1
,,1
,,1
,,1
,,1
,,1
,,1
,,1
,,1
,,1
,,1
,,1
,,1
,,1
,,1
,,1
,,1
,,1
,,1
,,1
,,1
,,1
,,1
,,1
,,1
,,1
,,1
,,1
,,1
,,1
,,1
,,1
,,1
,,1
,,1
,,1
,,1
,,1
,,1
,,1
,,1
,,1
,,1
,,1
,,1
,,1
,,1
,,1
,,1
,,1
,,1
,,1
,,1
,,1
,,1
,,1
,,1
,,1
,,1
,,1
,,1
,,1
,,1
,,1
,,1
,,1
,,1
,,1
,,1
,,1
,,1
,,1
,,1
,,1
,,1
,,1
,,1
,,1
,,1
,,1
,,1
,,1
,,1
,,1
,,1
,,1
,,1
,,1
,,1
,,1
,,1
,,1
,,1
,,1
,,1
,,1
,,1
,,1
,,1
,,1
,,1
,,1
,,1
,,1
,,1
,,1
,,1
,,1
,,1
,,1
,,1
,,1
,,1
,,1
,,1
,,1
,,1
,,1
,,1
,,1
,,1
,,1
,,1
,,1
,,1
,,1
,,1
,,1
,,1
,,1
,,1
,,1
,,1
,,1
,,1
,,1
,,1
,,1
,,1
,,1
,,1
,,1
,,1
,,1
,,1
,,1
,,1
,,1
,,1
,,1
,,1
,,1
,,1
,,1
,,1
,,1
,,1
,,1
,,1
,,1
,,1
,,1
,,1
,,1
,,1
,,1
,,1
,,1
,,1
,,1
,,1
,,1
,,1
,,1
,,1
,,1
,,1
,,1
,,1
,,1
,,1
,,1
,,1
,,1
,,1
,,1
,,1
,,1
,,1
,,1
,,1
,,1
,,1
,,1
,,1
,,1
,,1
,,1
,,1
,,1
,,1
,,1
,,1
,,1
,,1
,,1
,,1
,,1
,,1
,,1
,,1
,,1
,,1
,,1
,,1
,,1
,,1
,,1
,,1
,,1
,,1
,,1
,,1
,,1
,,1
,,1
,,1
,,1
,,1
,,1
,,1
,,1
,,1
,,1
,,1
,,1
,,1
,,1
,,1
,,1
,,1
,,1
,,1
,,1
,,1
,,1
,,1
,,1
,,1
,,1
,,1
,,1
,,1
,,1
,,1
,,1
,,1
,,1
,,1
,,1
,,1
,,1
,,1
,,1
,,1
,,1
,,1
,,1
,,1
,,1
,,1
,,1
,,1
,,1
,,1
,,1
,,1
,,1
,,1
,,1
,,1
,,1
,,1
,,1
,,1
,,1
,,1
,,1
,,1
,,1
,,1
,,1
,,1
,,1
,,1
,,1
,,1
,,1
,,1
,,1
,,1
,,1
,,1
,,1
,,1
,,1
,,1
,,1
,,1
,,1
,,1
,,1
,,1
,,1
,,1
,,1
,,1
,,1
,,1
,,1
,,1
,,1
,,1
,,1
,,1
,,1
,,1
,,1
,,1
,,1
,,1
,,1
,,1
,,1
,,1
,,1
,,1
,,1
,,1
,,1
,,1
,,1
,,1
,,1
,,1
,,1
,,1
,,1
,,1
,,1
,,1
,,1
,,1
,,1
,,1
,,1
,,1
,,1
,,1
,,1
,,1
,,1
,,1
,,1
,,1
,,1
,,1
,,1
,,1
,,1
,,1
,,1
,,1
,,1
,,1
,,1
,,1
,,1
,,1
,,1
,,1
,,1
,,1
,,1
,,1
,,1
,,1
,,1
,,1
,,1
,,1
,,1
,,1
,,1
,,1
,,1
,,1
,,1
,,1
,,1
,,1
,,1
,,1
,,1
,,1
,,1
,,1
,,1
,,1
,,1
,,1
,,1
,,1
,,1
,,1
,,1
,,1
,,1
,,1
,,1
,,1
,,1
,,1
,,1
,,1
,,1
,,1
,,1
,,1
,,1
,,1
,,1
,,1
,,1
,,1
,,1
,,1
,,1
,,1
,,1
,,1
,,1
,,1
,,1
,,1
,,1
,,1
,,1
,,1
,,1
,,1
,,1
,,1
,,1
,,1
,,1
,,1
,,1
,,1
,,1
,,1
,,1
,,1
,,1
,,1
,,1
,,1
,,1
,,1
,,1
,,1
,,1
,,1
,,1
,,1
,,1
,,1
,,1
,,1
,,1
,,1
,,1
,,1
,,1
,,1
,,1
,,1
,,1
,,1
,,1
,,1
,,1
,,1
,,1
,,1
,,1
,,1
,,1
,,1
,,1
,,1
,,1
,,1
,,1
,,1
,,1
,,1
,,1
,,1
,,1
,,1
,,1
,,1
,,1
,,1
,,1
,,1
,,1
,,1
,,1
,,1
,,1
,,1
,,1
,,1
,,1
,,1
,,1
,,1
,,1
,,1
,,1
,,1
,,1
,,1
,,1
,,1
,,1
,,1
,,1
,,1
,,1
,,1
,,1
,,1
,,1
,,1
,,1
,,1
,,1
,,1
,,1
,,1
,,1
,,1
,,1
,,1
,,1
,,1
,,1
,,1
,,1
,,1
,,1
,,1
,,1
,,1
,,1
,,1
,,1
,,1
,,1
,,1
,,1
,,1
,,1
,,1
,,1
,,1
,,1
,,1
,,1
,,1
,,1
,,1
,,1
,,1
,,1
,,1
,,1
,,1
,,1
,,1
,,1
,,1
,,1
,,1
,,1
,,1
,,1
,,1
,,1
,,1
,,1
,,1
,,1
,,1
,,1
,,1
,,1
,,1
,,1
,,1
,,1
,,1
,,1
,,1
,,1
,,1
,,1
,,1
,,1
,,1
,,1
,,1
,,1
,,1
,,1
,,1
,,1
,,1
,,1
,,1
,,1
,,1
,,1
,,1
,,1
,,1
,,1
,,1
,,1
,,1
,,1
,,1
,,1
,,1
,,1
,,1
,,1
,,1
,,1
,,1
,,1
,,1
,,1
,,1
,,1
,,1
,,1
,,1
,,1
,,1
,,1
,,1
,,1
,,1
,,1
,,1
,,1
,,1
,,1
,,1
,,1
,,1
,,1
,,1
,,1
,,1
,,1
,,1
,,1
,,1
,,1
,,1
,,1
,,1
,,1
,,1
,,1
,,1
,,1
,,1
,,1
,,1
,,1
,,1
,,1
,,1
,,1
,,1
,,1
,,1
,,1
,,1
,,1
,,1
,,1
,,1
,,1
,,1
,,1
,,1
,,1
,,1
,,1
,,1
,,1
,,1
,,1
,,1
,,1
,,1
,,1
,,1
,,1
,,1
,,1
,,1
,,1
,,1
,,1
,,1
,,1
,,1
,,1
,,1
,,1
,,1
,,1
,,1
,,1
,,1
,,1
,,1
,,1
,,1
,,1
,,1
,,1
,,1
,,1
,,1
,,1
,,1
,,1
,,1
,,1
,,1
,,1
,,1
,,1
,,1
,,1
,,1
,,1
,,1
,,1
,,1
,,1
,,1
,,1
,,1
,,1
,,1
,,1
,,1
,,1
,,1
,,1
,,1
,,1
,,1
,,1
,,1
,,1
,,1
,,1
,,1
,,1
,,1
,,1
,,1
,,1
,,1
,,1
,,1
,,1
,,1
,,1
,,1
,,1
,,1
,,1
,,1
,,1
,,1
,,1
,,1
,,1
,,1
,,1
,,1
,,1
,,1
,,1
,,1
,,1
,,1
,,1
,,1
,,1
,,1
,,1
,,1
,,1
,,1
,,1
,,1
,,1
,,1
,,1
,,1
,,1
,,1
,,1
,,1
,,1
,,1
,,1
,,1
,,1
,,1
,,1
,,1
,,1
,,1
,,1
,,1
,,1
,,1
,,1
,,1
,,1
,,1
,,1
,,1
,,1
,,1
,,1
,,1
,,1
,,1
,,1
,,1
,,1
,,1
,,1
,,1
,,1
,,1
,,1
,,1
,,1
,,1
,,1
,,1
,,1
,,1
,,1
,,1
,,1
,,1
,,1
,,1
,,1
,,1
,,1
,,1
,,1
,,1
,,1
,,1
,,1
,,1
,,1
,,1
,,1
,,1
,,1
,,1
,,1
,,1
,,1
,,1
,,1
,,1
,,1
,,1
,,1
,,1
,,1
,,1
,,1
,,1
,,1
,,1
,,1
,,1
,,1
,,1
,,1
,,1
,,1
,,1
,,1
,,1
,,1
,,1
,,1
,,1
,,1
,,1
,,1
,,1
,,1
,,1
,,1
,,1
,,1
,,1
,,1
,,1
,,1
,,1
,,1
,,1
,,1
,,1
,,1
,,1
,,1
,,1
,,1
,,1
,,1
,,1
,,1
,,1
,,1
,,1
,,1
,,1
,,1
,,1
,,1
,,1
,,1
,,1
,,1
,,1
,,1
,,1
,,1
,,1
,,1
,,1
,,1
,,1
,,1
,,1
,,1
,,1
,,1
,,1
,,1
,,1
,,1
,,1
,,1
,,1
,,1
,,1
,,1
,,1
,,1
,,1
,,1
,,1
,,1
,,1
,,1
,,1
,,1
,,1
,,1
,,1
,,1
,,1
,,1
,,1
,,1
,,1
,,1
,,1
,,1
,,1
,,1
,,1
,,1
,,1
,,1
,,1
,,1
,,1
,,1
,,1
,,1
,,1
,,1
,,1
,,1
,,1
,,1
,,1
,,1
,,1
,,1
,,1
,,1
,,1
,,1
,,1
,,1
,,1
,,1
,,1
,,1
,,1
,,1
,,1
,,1
,,1
,,1
,,1
,,1
,,1
,,1
,,1
,,1
,,1
,,1
,,1
,,1
,,1
,,1
,,1
,,1
,,1
,,1
,,1
,,1
,,1
,,1
,,1
,,1
,,1
,,1
,,1
,,1
,,1
,,1
,,1
,,1
,,1
,,1
,,1
,,1
,,1
,,1
,,1
,,1
,,1
,,1
,,1
,,1
,,1
,,1
,,1
,,1
,,1
,,1
,,1
,,1
,,1
,,1
,,1
,,1
,,1
,,1
,,1
,,1
,,1
,,1
,,1
,,1
,,1
,,1
,,1
,,1
,,1
,,1
,,1
,,1
,,1
,,1
,,1
,,1
,,1
,,1
,,1
,,1
,,1
,,1
,,1
,,1
,,1
,,1
,,1
,,1
,,1
,,1
,,1
,,1
,,1
,,1
,,1
,,1
,,1
,,1
,,1
,,1
,,1
,,1
,,1
,,1
,,1
,,1
,,1
,,1
,,1
,,1
,,1
,,1
,,1
,,1
,,1
,,1
,,1
,,1
,,1
,,1
,,1
,,1
,,1
,,1
,,1
,,1
,,1
,,1
,,1
,,1
,,1
,,1
,,1
,,1
,,1
,,1
,,1
,,1
,,1
,,1
,,1
,,1
,,1
,,1
,,1
,,1
,,1
,,1
,,1
,,1
,,1
,,1
,,1
,,1
,,1
,,1
,,1
,,1
,,1
,,1
,,1
,,1
,,1
,,1
,,1
,,1
,,1
,,1
,,1
,,1
,,1
,,1
,,1
,,1
,,1
,,1
,,1
,,1
,,1
,,1
,,1
,,1
,,1
,,1
,,1
,,1
,,1
,,1
,,1
,,1
,,1
,,1
,,1
,,1
,,1
,,1
,,1
,,1
,,1
,,1
,,1
,,1
,,1
,,1
,,1
,,1
,,1
,,1
,,1
,,1
,,1
,,1
,,1
,,1
,,1
,,1
,,1
,,1
,,1
,,1
,,1
,,1
,,1
,,1
,,1
,,1
,,1
,,1
,,1
,,1
,,1
,,1
,,1
,,1
,,1
,,1
,,1
,,1
,,1
,,1
,,1
,,1
,,1
,,1
,,1
,,1
,,1
,,1
,,1
,,1
,,1
,,1
,,1
,,1
,,1
,,1
,,1
,,1
,,1
,,1
,,1
,,1
,,1
,,1
,,1
,,1
,,1
,,1
,,1
,,1
,,1
,,1
,,1
,,1
,,1
,,1
,,1
,,1
,,1
,,1
,,1
,,1
,,1
,,1
,,1
,,1
,,1
,,1
,,1
,,1
,,1
,,1
,,1
,,1
,,1
,,1
,,1
,,1
,,1
,,1
,,1
,,1
,,1
,,1
,,1
,,1
,,1
,,1
,,1
,,1
,,1
,,1
,,1
,,1
,,1
,,1
,,1
,,1
,,1
,,1
,,1
,,1
,,1
,,1
,,1
,,1
,,1
,,1
,,1
,,1
,,1
,,1
,,1
,,1
,,1
,,1
,,1
,,1
,,1
,,1
,,1
,,1
,,1
,,1
,,1
,,1
,,1
,,1
,,1
,,1
,,1
,,1
,,1
,,1
,,1
,,1
,,1
,,1
,,1
,,1
,,1
,,1
,,1
,,1
,,1
,,1
,,1
,,1
,,1
,,1
,,1
,,1
,,1
,,1
,,1
,,1
,,1
,,1
,,1
,,1
,,1
,,1
,,1
,,1
,,1
,,1
,,1
,,1
,,1
,,1
,,1
,,1
,,1
,,1
,,1
,,1
,,1
,,1
,,1
,,1
,,1
,,1
,,1
,,1
,,1
,,1
,,1
,,1
,,1
,,1
,,1
,,1
,,1
,,1
,,1
,,1
,,1
,,1
,,1
,,1
,,1
,,1
,,1
,,1
,,1
,,1
,,1
,,1
,,1
,,1
,,1
,,1
,,1
,,1
,,1
,,1
,,1
,,1
,,1
,,1
,,1
,,1
,,1
,,1
,,1
,,1
,,1
,,1
,,1
,,1
,,1
,,1
,,1
,,1
,,1
,,1
,,1
,,1
,,1
,,1
,,1
,,1
,,1
,,1
,,1
,,1
,,1
,,1
,,1
,,1
,,1
,,1
,,1
,,1
,,1
,,1
,,1
,,1
,,1
,,1
,,1
,,1
,,1
,,1
,,1
,,1
,,1
,,1
,,1
,,1
,,1
,,1
,,1
,,1
,,1
,,1
,,1
,,1
,,1
,,1
,,1
,,1
,,1
,,1
,,1
,,1
,,1
,,1
,,1
,,1
,,1
,,1
,,1
,,1
,,1
,,1
,,1
,,1
,,1
,,1
,,1
,,1
,,1
,,1
,,1
,,1
,,1
,,1
,,1
,,1
,,1
,,1
,,1
,,1
,,1
,,1
,,1
,,1
,,1
,,1
,,1
,,1
,,1
,,1
,,1
,,1
,,1
,,1
,,1
,,1
,,1
,,1
,,1
,,1
,,1
,,1
,,1
,,1
,,1
,,1
,,1
,,1
,,1
,,1
,,1
,,1
,,1
,,1
,,1
,,1
,,1
,,1
,,1
,,1
,,1
,,1
,,1
,,1
,,1
,,1
,,1
,,1
,,1
,,1
,,1
,,1
,,1
,,1
,,1
,,1
,,1
,,1
,,1
,,1
,,1
,,1
,,1
,,1
,,1
,,1
,,1
,,1
,,1
,,1
,,1
,,1
,,1
,,1
,,1
,,1
,,1
,,1
,,1
,,1
,,1
,,1
,,1
,,1
,,1
,,1
,,1
,,1
,,1
,,1
,,1
,,1
,,1
,,1
,,1
,,1
,,1
,,1
,,1
,,1
,,1
,,1
,,1
,,1
,,1
,,1
,,1
,,1
,,1
,,1
,,1
,,1
,,1
,,1
,,1
,,1
,,1
,,1
,,1
,,1
,,1
,,1
,,1
,,1
,,1
,,1
,,1
,,1
,,1
,,1
,,1
,,1
,,1
,,1
,,1
,,1
,,1
,,1
,,1
,,1
,,1
,,1
,,1
,,1
,,1
,,1
,,1
,,1
,,1
,,1
,,1
,,1
,,1
,,1
,,1
,,1
,,1
,,1
,,1
,,1
,,1
,,1
,,1
,,1
,,1
,,1
,,1
,,1
,,1
,,1
,,1
,,1
,,1
,,1
,,1
,,1
,,1
,,1
,,1
,,1
,,1
,,1
,,1
,,1
,,1
,,1
,,1
,,1
,,1
,,1
,,1
,,1
,,1
,,1
,,1
,,1
,,1
,,1
,,1
,,1
,,1
,,1
,,1
,,1
,,1
,,1
,,1
,,1
,,1
,,1
,,1
,,1
,,1
,,1
,,1
,,1
,,1
,,1
,,1
,,1
,,1
,,1
,,1
,,1
,,1
,,1
,,1
,,1
,,1
,,1
,,1
,,1
,,1
,,1
,,1
,,1
,,1
,,1
,,1
,,1
,,1
,,1
,,1
,,1
,,1
,,1
,,1
,,1
,,1
,,1
,,1
,,1
,,1
,,1
,,1
,,1
,,1
,,1
,,1
,,1
,,1
,,1
,,1
,,1
,,1
,,1
,,1
,,1
,,1
,,1
,,1
,,1
,,1
,,1
,,1
,,1
,,1
,,1
,,1
,,1
,,1
,,1
,,1
,,1
,,1
,,1
,,1
,,1
,,1
,,1
,,1
,,1
,,1
,,1
,,1
,,1
,,1
,,1
,,1
,,1
,,1
,,1
,,1
,,1
,,1
,,1
,,1
,,1
,,1
,,1
,,1
,,1
,,1
,,1
,,1
,,1
,,1
,,1
,,1
,,1
,,1
,,1
,,1
,,1
,,1
,,1
,,1
,,1
,,1
,,1
,,1
,,1
,,1
,,1
,,1
,,1
,,1
,,1
,,1
,,1
,,1
,,1
,,1
,,1
,,1
,,1
,,1
,,1
,,1
,,1
,,1
,,1
,,1
,,1
,,1
,,1
,,1
,,1
,,1
,,1
,,1
,,1
,,1
,,1
,,1
,,1
,,1
,,1
,,1
,,1
,,1
,,1
,,1
,,1
,,1
,,1
,,1
,,1
,,1
,,1
,,1
,,1
,,1
,,1
,,1
,,1
,,1
,,1
,,1
,,1
,,1
,,1
,,1
,,1
,,1
,,1
,,1
,,1
,,1
,,1
,,1
,,1
,,1
,,1
,,1
,,1
,,1
,,1
,,1
,,1
,,1
,,1
,,1
,,1
,,1
,,1
,,1
,,1
,,1
,,1
,,1
,,1
,,1
,,1
,,1
,,1
,,1
,,1
,,1
,,1
,,1
,,1
,,1
,,1
,,1
,,1
,,1
,,1
,,1
,,1
,,1
,,1
,,1
,,1
,,1
,,1
,,1
,,1
,,1
,,1
,,1
,,1
,,1
,,1
,,1
,,1
,,1
,,1
,,1
,,1
,,1
,,1
,,1
,,1
,,1
,,1
,,1
,,1
,,1
,,1
,,1
,,1
,,1
,,1
,,1
,,1
,,1
,,1
,,1
,,1
,,1
,,1
,,1
,,1
,,1
,,1
,,1
,,1
,,1
,,1
,,1
,,1
,,1
,,1
,,1
,,1
,,1
,,1
,,1
,,1
,,1
,,1
,,1
,,1
,,1
,,1
,,1
,,1
,,1
,,1
,,1
,,1
,,1
,,1
,,1
,,1
,,1
,,1
,,1
,,1
,,1
,,1
,,1
,,1
,,1
,,1
,,1
,,1
,,1
,,1
,,1
,,1
,,1
,,1
,,1
,,1
,,1
,,1
,,1
,,1
,,1
,,1
,,1
,,1
,,1
,,1
,,1
,,1
,,1
,,1
,,1
,,1
,,1
,,1
,,1
,,1
,,1
,,1
,,1
,,1
,,1
,,1
,,1
,,1
,,1
,,1
,,1
,,1
,,1
,,1
,,1
,,1
,,1
,,1
,,1
,,1
,,1
,,1
,,1
,,1
,,1
,,1
,,1
,,1
,,1
,,1
,,1
,,1
,,1
,,1
,,1
,,1
,,1
,,1
,,1
,,1
,,1
,,1
,,1
,,1
,,1
,,1
,,1
,,1
,,1
,,1
,,1
,,1
,,1
,,1
,,1
,,1
,,1
,,1
,,1
,,1
,,1
,,1
,,1
,,1
,,1
,,1
,,1
,,1
,,1
,,1
,,1
,,1
,,1
,,1
,,1
,,1
,,1
,,1
,,1
,,1
,,1
,,1
,,1
,,1
,,1
,,1
,,1
,,1
,,1
,,1
,,1
,,1
,,1
,,1
,,1
,,1
,,1
,,1
,,1
,,1
,,1
,,1
,,1
,,1
,,1
,,1
,,1
,,1
,,1
,,1
,,1
,,1
,,1
,,1
,,1
,,1
,,1
,,1
,,1
,,1
,,1
,,1
,,1
,,1
,,1
,,1
,,1
,,1
,,1
,,1
,,1
,,1
,,1
,,1
,,1
,,1
,,1
,,1
,,1
,,1
,,1
,,1
,,1
,,1
,,1
,,1
,,1
,,1
,,1
,,1
,,1
,,1
,,1
,,1
,,1
,,1
,,1
,,1
,,1
,,1
,,1
,,1
,,1
,,1
,,1
,,1
,,1
,,1
,,1
,,1
,,1
,,1
,,1
,,1
,,1
,,1
,,1
,,1
,,1
,,1
,,1
,,1
,,1
,,1
,,1
,,1
,,1
,,1
,,1
,,1
,,1
,,1
,,1
,,1
,,1
,,1
,,1
,,1
,,1
,,1
,,1
,,1
,,1
,,1
,,1
,,1
,,1
,,1
,,1
,,1
,,1
,,1
,,1
,,1
,,1
,,1
,,1
,,1
,,1
,,1
,,1
,,1
,,1
,,1
,,1
,,1
,,1
,,1
,,1
,,1
,,1
,,1
,,1
,,1
,,1
,,1
,,1
,,1
,,1
,,1
,,1
,,1
,,1
,,1
,,1
,,1
,,1
,,1
,,1
,,1
,,1
,,1
,,1
,,1
,,1
,,1
,,1
,,1
,,1
,,1
,,1
,,1
,,1
,,1
,,1
,,1
,,1
,,1
,,1
,,1
,,1
,,1
,,1
,,1
,,1
,,1
,,1
,,1
,,1
,,1
,,1
,,1
,,1
,,1
,,1
,,1
,,1
,,1
,,1
,,1
,,1
,,1
,,1
,,1
,,1
,,1
,,1
,,1
,,1
,,1
,,1
,,1
,,1
,,1
,,1
,,1
,,1
,,1
,,1
,,1
,,1
,,1
,,1
,,1
,,1
,,1
,,1
,,1
,,1
,,1
,,1
,,1
,,1
,,1
,,1
,,1
,,1
,,1
,,1
,,1
,,1
,,1
,,1
,,1
,,1
,,1
,,1
,,1
,,1
,,1
,,1
,,1
,,1
,,1
,,1
,,1
,,1
,,1
,,1
,,1
,,1
,,1
,,1
,,1
,,1
,,1
,,1
,,1
,,1
,,1
,,1
,,1
,,1
,,1
,,1
,,1
,,1
,,1
,,1
,,1
,,1
,,1
,,1
,,1
,,1
,,1
,,1
,,1
,,1
,,1
,,1
,,1
,,1
,,1
,,1
,,1
,,1
,,1
,,1
,,1
,,1
,,1
,,1
,,1
,,1
,,1
,,1
,,1
,,1
,,1
,,1
,,1
,,1
,,1
,,1
,,1
,,1
,,1
,,1
,,1
,,1
,,1
,,1
,,1
,,1
,,1
,,1
,,1
,,1
,,1
,,1
,,1
,,1
,,1
,,1
,,1
,,1
,,1
,,1
,,1
,,1
,,1
,,1
,,1
,,1
,,1
,,1
,,1
,,1
,,1
,,1
,,1
,,1
,,1
,,1
,,1
,,1
,,1
,,1
,,1
,,1
,,1
,,1
,,1
,,1
,,1
,,1
,,1
,,1
,,1
,,1
,,1
,,1
,,1
,,1
,,1
,,1
,,1
,,1
,,1
,,1
,,1
,,1
,,1
,,1
,,1
,,1
,,1
,,1
,,1
,,1
,,1
,,1
,,1
,,1
,,1
,,1
,,1
,,1
,,1
,,1
,,1
,,1
,,1
,,1
,,1
,,1
,,1
,,1
,,1
,,1
,,1
,,1
,,1
,,1
,,1
,,1
,,1
,,1
,,1
,,1
,,1
,,1
,,1
,,1
,,1
,,1
,,1
,,1
,,1
,,1
,,1
,,1
,,1
,,1
,,1
,,1
,,1
,,1
,,1
,,1
,,1
,,1
,,1
,,1
,,1
,,1
,,1
,,1
,,1
,,1
,,1
,,1
,,1
,,1
,,1
,,1
,,1
,,1
,,1
,,1
,,1
,,1
,,1
,,1
,,1
,,1
,,1
,,1
,,1
,,1
,,1
,,1
,,1
,,1
,,1
,,1
,,1
,,1
,,1
,,1
,,1
,,1
,,1
,,1
,,1
,,1
,,1
,,1
,,1
,,1
,,1
,,1
,,1
,,1
,,1
,,1
,,1
,,1
,,1
,,1
,,1
,,1
,,1
,,1
,,1
,,1
,,1
,,1
,,1
,,1
,,1
,,1
,,1
,,1
,,1
,,1
,,1
,,1
,,1
,,1
,,1
,,1
,,1
,,1
,,1
,,1
,,1
,,1
,,1
,,1
,,1
,,1
,,1
,,1
,,1
,,1
,,1
,,1
,,1
,,1
,,1
,,1
,,1
,,1
,,1
,,1
,,1
,,1
,,1
,,1
,,1
,,1
,,1
,,1
,,1
,,1
,,1
,,1
,,1
,,1
,,1
,,1
,,1
,,1
,,1
,,1
,,1
,,1
,,1
,,1
,,1
,,1
,,1
,,1
,,1
,,1
,,1
,,1
,,1
,,1
,,1
,,1
,,1
,,1
,,1
,,1
,,1
,,1
,,1
,,1
,,1
,,1
,,1
,,1
,,1
,,1
,,1
,,1
,,1
,,1
,,1
,,1
,,1
,,1
,,1
,,1
,,1
,,1
,,1
,,1
,,1
,,1
,,1
,,1
,,1
,,1
,,1
,,1
,,1
,,1
,,1
,,1
,,1
,,1
,,1
,,1
,,1
,,1
,,1
,,1
,,1
,,1
,,1
,,1
,,1
,,1
,,1
,,1
,,1
,,1
,,1
,,1
,,1
,,1
,,1
,,1
,,1
,,1
,,1
,,1
,,1
,,1
,,1
,,1
,,1
,,1
,,1
,,1
,,1
,,1
,,1
,,1
,,1
,,1
,,1
,,1
,,1
,,1
,,1
,,1
,,1
,,1
,,1
,,1
,,1
,,1
,,1
,,1
,,1
,,1
,,1
,,1
,,1
,,1
,,1
,,1
,,1
,,1
,,1
,,1
,,1
,,1
,,1
,,1
,,1
,,1
,,1
,,1
,,1
,,1
,,1
,,1
,,1
,,1
,,1
,,1
,,1
,,1
,,1
,,1
,,1
,,1
,,1
,,1
,,1
,,1
,,1
,,1
,,1
,,1
,,1
,,1
,,1
,,1
,,1
,,1
,,1
,,1
,,1
,,1
,,1
,,1
,,1
,,1
,,1
,,1
,,1
,,1
,,1
,,1
,,1
,,1
,,1
,,1
,,1
,,1
,,1
,,1
,,1
,,1
,,1
,,1
,,1
,,1
,,1
,,1
,,1
,,1
,,1
,,1
,,1
,,1
,,1
,,1
,,1
,,1
,,1
,,1
,,1
,,1
,,1
,,1
,,1
,,1
,,1
,,1
,,1
,,1
,,1
,,1
,,1
,,1
,,1
,,1
,,1
,,1
,,1
,,1
,,1
,,1
,,1
,,1
,,1
,,1
,,1
,,1
,,1
,,1
,,1
,,1
,,1
,,1
,,1
,,1
,,1
,,1
,,1
,,1
,,1
,,1
,,1
,,1
,,1
,,1
,,1
,,1
,,1
,,1
,,1
,,1
,,1
,,1
,,1
,,1
,,1
,,1
,,1
,,1
,,1
,,1
,,1
,,1
,,1
,,1
,,1
,,1
,,1
,,1
,,1
,,1
,,1
,,1
,,1
,,1
,,1
,,1
,,1
,,1
,,1
,,1
,,1
,,1
,,1
,,1
,,1
,,1
,,1
,,1
,,1
,,1
,,1
,,1
,,1
,,1
,,1
,,1
,,1
,,1
,,1
,,1
,,1
,,1
,,1
,,1
,,1
,,1
,,1
,,1
,,1
,,1
,,1
,,1
,,1
,,1
,,1
,,1
,,1
,,1
,,1
,,1
,,1
,,1
,,1
,,1
,,1
,,1
,,1
,,1
,,1
,,1
,,1
,,1
,,1
,,1
,,1
,,1
,,1
,,1
,,1
,,1
,,1
,,1
,,1
,,1
,,1
,,1
,,1
,,1
,,1
,,1
,,1
,,1
,,1
,,1
,,1
,,1
,,1
,,1
,,1
,,1
,,1
,,1
,,1
,,1
,,1
,,1
,,1
,,1
,,1
,,1
,,1
,,1
,,1
,,1
,,1
,,1
,,1
,,1
,,1
,,1
,,1
,,1
,,1
,,1
,,1
,,1
,,1
,,1
,,1
,,1
,,1
,,1
,,1
,,1
,,1
,,1
,,1
,,1
,,1
,,1
,,1
,,1
,,1
,,1
,,1
,,1
,,1
,,1
,,1
,,1
,,1
,,1
,,1
,,1
,,1
,,1
,,1
,,1
,,1
,,1
,,1
,,1
,,1
,,1
,,1
,,1
,,1
,,1
,,1
,,1
,,1
,,1
,,1
,,1
,,1
,,1
,,1
,,1
,,1
,,1
,,1
,,1
,,1
,,1
,,1
,,1
,,1
,,1
,,1
,,1
,,1
,,1
,,1
,,1
,,1
,,1
,,1
,,1
,,1
,,1
,,1
,,1
,,1
,,1
,,1
,,1
,,1
,,1
,,1
,,1
,,1
,,1
,,1
,,1
,,1
,,1
,,1
,,1
,,1
,,1
,,1
,,1
,,1
,,1
,,1
,,1
,,1
,,1
,,1
,,1
,,1
,,1
,,1
,,1
,,1
,,1
,,1
,,1
,,1
,,1
,,1
,,1
,,1
,,1
,,1
,,1
,,1
,,1
,,1
,,1
,,1
,,1
,,1
,,1
,,1
,,1
,,1
,,1
,,1
,,1
,,1
,,1
,,1
,,1
,,1
,,1
,,1
,,1
,,1
,,1
,,1
,,1
,,1
,,1
,,1
,,1
,,1
,,1
,,1
,,1
,,1
,,1
,,1
,,1
,,1
,,1
,,1
,,1
,,1
,,1
,,1
,,1
,,1
,,1
,,1
,,1
,,1
,,1
,,1
,,1
,,1
,,1
,,1
,,1
,,1
,,1
,,1
,,1
,,1
,,1
,,1
,,1
,,1
,,1
,,1
,,1
,,1
,,1
,,1
,,1
,,1
,,1
,,1
,,1
,,1
,,1
,,1
,,1
,,1
,,1
,,1
,,1
,,1
,,1
,,1
,,1
,,1
,,1
,,1
,,1
,,1
,,1
,,1
,,1
,,1
,,1
,,1
,,1
,,1
,,1
,,1
,,1
,,1
,,1
,,1
,,1
,,1
,,1
,,1
,,1
,,1
,,1
,,1
,,1
,,1
,,1
,,1
,,1
,,1
,,1
,,1
,,1
,,1
,,1
,,1
,,1
,,1
,,1
,,1
,,1
,,1
,,1
,,1
,,1
,,1
,,1
,,1
,,1
,,1
,,1
,,1
,,1
,,1
,,1
,,1
,,1
,,1
,,1
,,1
,,1
,,1
,,1
,,1
,,1
,,1
,,1
,,1
,,1
,,1
,,1
,,1
,,1
,,1
,,1
,,1
,,1
,,1
,,1
,,1
,,1
,,1
,,1
,,1
,,1
,,1
,,1
,,1
,,1
,,1
,,1
,,1
,,1
,,1
,,1
,,1
,,1
,,1
,,1
,,1
,,1
,,1
,,1
,,1
,,1
,,1
,,1
,,1
,,1
,,1
,,1
,,1
,,1
,,1
,,1
,,1
,,1
,,1
,,1
,,1
,,1
,,1
,,1
,,1
,,1
,,1
,,1
,,1
,,1
,,1
,,1
,,1
,,1
,,1
,,1
,,1
,,1
,,1
,,1
,,1
,,1
,,1
,,1
,,1
,,1
,,1
,,1
,,1
,,1
,,1
,,1
,,1
,,1
,,1
,,1
,,1
,,1
,,1
,,1
,,1
,,1
,,1
,,1
,,1
,,1
,,1
,,1
,,1
,,1
,,1
,,1
,,1
,,1
,,1
,,1
,,1
,,1
,,1
,,1
,,1
,,1
,,1
,,1
,,1
,,1
,,1
,,1
,,1
,,1
,,1
,,1
,,1
,,1
,,1
,,1
,,1
,,1
,,1
,,1
,,1
,,1
,,1
,,1
,,1
,,1
,,1
,,1
,,1
,,1
,,1
,,1
,,1
,,1
,,1
,,1
,,1
,,1
,,1
,,1
,,1
,,1
,,1
,,1
,,1
,,1
,,1
,,1
,,1
,,1
,,1
,,1
,,1
,,1
,,1
,,1
,,1
,,1
,,1
,,1
,,1
,,1
,,1
,,1
,,1
,,1
,,1
,,1
,,1
,,1
,,1
,,1
,,1
,,1
,,1
,,1
,,1
,,1
,,1
,,1
,,1
,,1
,,1
,,1
,,1
,,1
,,1
,,1
,,1
,,1
,,1
,,1
,,1
,,1
,,1
,,1
,,1
,,1
,,1
,,1
,,1
,,1
,,1
,,1
,,1
,,1
,,1
,,1
,,1
,,1
,,1
,,1
,,1
,,1
,,1
,,1
,,1
,,1
,,1
,,1
,,1
,,1
,,1
,,1
,,1
,,1
,,1
,,1
,,1
,,1
,,1
,,1
,,1
,,1
,,1
,,1
,,1
,,1
,,1
,,1
,,1
,,1
,,1
,,1
,,1
,,1
,,1
,,1
,,1
,,1
,,1
,,1
,,1
,,1
,,1
,,1
,,1
,,1
,,1
,,1
,,1
,,1
,,1
,,1
,,1
,,1
,,1
,,1
,,1
,,1
,,1
,,1
,,1
,,1
,,1
,,1
,,1
,,1
,,1
,,1
,,1
,,1
,,1
,,1
,,1
,,1
,,1
,,1
,,1
,,1
,,1
,,1
,,1
,,1
,,1
,,1
,,1
,,1
,,1
,,1
,,1
,,1
,,1
,,1
,,1
,,1
,,1
,,1
,,1
,,1
,,1
,,1
,,1
,,1
,,1
,,1
,,1
,,1
,,1
,,1
,,1
,,1
,,1
,,1
,,1
,,1
,,1
,,1
,,1
,,1
,,1
,,1
,,1
,,1
,,1
,,1
,,1
,,1
,,1
,,1
,,1
,,1
,,1
,,1
,,1
,,1
,,1
,,1
,,1
,,1
,,1
,,1
,,1
,,1
,,1
,,1
,,1
,,1
,,1
,,1
,,1
,,1
,,1
,,1
,,1
,,1
,,1
,,1
,,1
,,1
,,1
,,1
,,1
,,1
,,1
,,1
,,1
,,1
,,1
,,1
,,1
,,1
,,1
,,1
,,1
,,1
,,1
,,1
,,1
,,1
,,1
,,1
,,1
,,1
,,1
,,1
,,1
,,1
,,1
,,1
,,1
,,1
,,1
,,1
,,1
,,1
,,1
,,1
,,1
,,1
,,1
,,1
,,1
,,1
,,1
,,1
,,1
,,1
,,1
,,1
,,1
,,1
,,1
,,1
,,1
,,1
,,1
,,1
,,1
,,1
,,1
,,1
,,1
,,1
,,1
,,1
,,1
,,1
,,1
,,1
,,1
,,1
,,1
,,1
,,1
,,1
,,1
,,1
,,1
,,1
,,1
,,1
,,1
,,1
,,1
,,1
,,1
,,1
,,1
,,1
,,1
,,1
,,1
,,1
,,1
,,1
,,1
,,1
,,1
,,1
,,1
,,1
,,1
,,1
,,1
,,1
,,1
,,1
,,1
,,1
,,1
,,1
,,1
,,1
,,1
,,1
,,1
,,1
,,1
,,1
,,1
,,1
,,1
,,1
,,1
,,1
,,1
,,1
,,1
,,1
,,1
,,1
,,1
,,1
,,1
,,1
,,1
,,1
,,1
,,1
,,1
,,1
,,1
,,1
,,1
,,1
,,1
,,1
,,1
,,1
,,1
,,1
,,1
,,1
,,1
,,1
,,1
,,1
,,1
,,1
,,1
,,1
,,1
,,1
,,1
,,1
,,1
,,1
,,1
,,1
,,1
,,1
,,1
,,1
,,1
,,1
,,1
,,1
,,1
,,1
,,1
,,1
,,1
,,1
,,1
,,1
,,1
,,1
,,1
,,1
,,1
,,1
,,1
,,1
,,1
,,1
,,1
,,1
,,1
,,1
,,1
,,1
,,1
,,1
,,1
,,1
,,1
,,1
,,1
,,1
,,1
,,1
,,1
,,1
,,1
,,1
,,1
,,1
,,1
,,1
,,1
,,1
,,1
,,1
,,1
,,1
,,1
,,1
,,1
,,1
,,1
,,1
,,1
,,1
,,1
,,1
,,1
,,1
,,1
,,1
,,1
,,1
,,1
,,1
,,1
,,1
,,1
,,1
,,1
,,1
,,1
,,1
,,1
,,1
,,1
,,1
,,1
,,1
,,1
,,1
,,1
,,1
,,1
,,1
,,1
,,1
,,1
,,1
,,1
,,1
,,1
,,1
,,1
,,1
,,1
,,1
,,1
,,1
,,1
,,1
,,1
,,1
,,1
,,1
,,1
,,1
,,1
,,1
,,1
,,1
,,1
,,1
,,1
,,1
,,1
,,1
,,1
,,1
,,1
,,1
,,1
,,1
,,1
,,1
,,1
,,1
,,1
,,1
,,1
,,1
,,1
,,1
,,1
,,1
,,1
,,1
,,1
,,1
,,1
,,1
,,1
,,1
,,1
,,1
,,1
,,1
,,1
,,1
,,1
,,1
,,1
,,1
,,1
,,1
,,1
,,1
,,1
,,1
,,1
,,1
,,1
,,1
,,1
,,1
,,1
,,1
,,1
,,1
,,1
,,1
,,1
,,1
,,1
,,1
,,1
,,1
,,1
,,1
,,1
,,1
,,1
,,1
,,1
,,1
,,1
,,1
,,1
,,1
,,1
,,1
,,1
,,1
,,1
,,1
,,1
,,1
,,1
,,1
,,1
,,1
,,1
,,1
,,1
,,1
,,1
,,1
,,1
,,1
,,1
,,1
,,1
,,1
,,1
,,1
,,1
,,1
,,1
,,1
,,1
,,1
,,1
,,1
,,1
,,1
,,1
,,1
,,1
,,1
,,1
,,1
,,1
,,1
,,1
,,1
,,1
,,1
,,1
,,1
,,1
,,1
,,1
,,1
,,1
,,1
,,1
,,1
,,1
,,1
,,1
,,1
,,1
,,1
,,1
,,1
,,1
,,1
,,1
,,1
,,1
,,1
,,1
,,1
,,1
,,1
,,1
,,1
,,1
,,1
,,1
,,1
,,1
,,1
,,1
,,1
,,1
,,1
,,1
,,1
,,1
,,1
,,1
,,1
,,1
,,1
,,1
,,1
,,1
,,1
,,1
,,1
,,1
,,1
,,1
,,1
,,1
,,1
,,1
,,1
,,1
,,1
,,1
,,1
,,1
,,1
,,1
,,1
,,1
,,1
,,1
,,1
,,1
,,1
,,1
,,1
,,1
,,1
,,1
,,1
,,1
,,1
,,1
,,1
,,1
,,1
,,1
,,1
,,1
,,1
,,1
,,1
,,1
,,1
,,1
,,1
,,1
,,1
,,1
,,1
,,1
,,1
,,1
,,1
,,1
,,1
,,1
,,1
,,1
,,1
,,1
,,1
,,1
,,1
,,1
,,1
,,1
,,1
,,1
,,1
,,1
,,1
,,1
,,1
,,1
,,1
,,1
,,1
,,1
,,1
,,1
,,1
,,1
,,1
,,1
,,1
,,1
,,1
,,1
,,1
,,1
,,1
,,1
,,1
,,1
,,1
,,1
,,1
,,1
,,1
,,1
,,1
,,1
,,1
,,1
,,1
,,1
,,1
,,1
,,1
,,1
,,1
,,1
,,1
,,1
,,1
,,1
,,1
,,1
,,1
,,1
,,1
,,1
,,1
,,1
,,1
,,1
,,1
,,1
,,1
,,1
,,1
,,1
,,1
,,1
,,1
,,1
,,1
,,1
,,1
,,1
,,1
,,1
,,1
,,1
,,1
,,1
,,1
,,1
,,1
,,1
,,1
,,1
,,1
,,1
,,1
,,1
,,1
,,1
,,1
,,1
,,1
,,1
,,1
,,1
,,1
,,1
,,1
,,1
,,1
,,1
,,1
,,1
,,1
,,1
,,1
,,1
,,1
,,1
,,1
,,1
,,1
,,1
,,1
,,1
,,1
,,1
,,1
,,1
,,1
,,1
,,1
,,1
,,1
,,1
,,1
,,1
,,1
,,1
,,1
,,1
,,1
,,1
,,1
,,1
,,1
,,1
,,1
,,1
,,1
,,1
,,1
,,1
,,1
,,1
,,1
,,1
,,1
,,1
,,1
,,1
,,1
,,1
,,1
,,1
,,1
,,1
,,1
,,1
,,1
,,1
,,1
,,1
,,1
,,1
,,1
,,1
,,1
,,1
,,1
,,1
,,1
,,1
,,1
,,1
,,1
,,1
,,1
,,1
,,1
,,1
,,1
,,1
,,1
,,1
,,1
,,1
,,1
,,1
,,1
,,1
,,1
,,1
,,1
,,1
,,1
,,1
,,1
,,1
,,1
,,1
,,1
,,1
,,1
,,1
,,1
,,1
,,1
,,1
,,1
,,1
,,1
,,1
,,1
,,1
,,1
,,1
,,1
,,1
,,1
,,1
,,1
,,1
,,1
,,1
,,1
,,1
,,1
,,1
,,1
,,1
,,1
,,1
,,1
,,1
,,1
,,1
,,1
,,1
,,1
,,1
,,1
,,1
,,1
,,1
,,1
,,1
,,1
,,1
,,1
,,1
,,1
,,1
,,1
,,1
,,1
,,1
,,1
,,1
,,1
,,1
,,1
,,1
,,1
,,1
,,1
,,1
,,1
,,1
,,1
,,1
,,1
,,1
,,1
,,1
,,1
,,1
,,1
,,1
,,1
,,1
,,1
,,1
,,1
,,1
,,1
,,1
,,1
,,1
,,1
,,1
,,1
,,1
,,1
,,1
,,1
,,1
,,1
,,1
,,1
,,1
,,1
,,1
,,1
,,1
,,1
,,1
,,1
,,1
,,1
,,1
,,1
,,1
,,1
,,1
,,1
,,1
,,1
,,1
,,1
,,1
,,1
,,1
,,1
,,1
,,1
,,1
,,1
,,1
,,1
,,1
,,1
,,1
,,1
,,1
,,1
,,1
,,1
,,1
,,1
,,1
,,1
,,1
,,1
,,1
,,1
,,1
,,1
,,1
,,1
,,1
,,1
,,1
,,1
,,1
,,1
,,1
,,1
,,1
,,1
,,1
,,1
,,1
,,1
,,1
,,1
,,1
,,1
,,1
,,1
,,1
,,1
,,1
,,1
,,1
,,1
,,1
,,1
,,1
,,1
,,1
,,1
,,1
,,1
,,1
,,1
,,1
,,1
,,1
,,1
,,1
,,1
,,1
,,1
,,1
,,1
,,1
,,1
,,1
,,1
,,1
,,1
,,1
,,1
,,1
,,1
,,1
,,1
,,1
,,1
,,1
,,1
,,1
,,1
,,1
,,1
,,1
,,1
,,1
,,1
,,1
,,1
,,1
,,1
,,1
,,1
,,1
,,1
,,1
,,1
,,1
,,1
,,1
,,1
,,1
,,1
,,1
,,1
,,1
,,1
,,1
,,1
,,1
,,1
,,1
,,1
,,1
,,1
,,1
,,1
,,1
,,1
,,1
,,1
,,1
,,1
,,1
,,1
,,1
,,1
,,1
,,1
,,1
,,1
,,1
,,1
,,1
,,1
,,1
,,1
,,1
,,1
,,1
,,1
,,1
,,1
,,1
,,1
,,1
,,1
,,1
,,1
,,1
,,1
,,1
,,1
,,1
,,1
,,1
,,1
,,1
,,1
,,1
,,1
,,1
,,1
,,1
,,1
,,1
,,1
,,1
,,1
,,1
,,1
,,1
,,1
,,1
,,1
,,1
,,1
,,1
,,1
,,1
,,1
,,1
,,1
,,1
,,1
,,1
,,1
,,1
,,1
,,1
,,1
,,1
,,1
,,1
,,1
,,1
,,1
,,1
,,1
,,1
,,1
,,1
,,1
,,1
,,1
,,1
,,1
,,1
,,1
,,1
,,1
,,1
,,1
,,1
,,1
,,1
,,1
,,1
,,1
,,1
,,1
,,1
,,1
,,1
,,1
,,1
,,1
,,1
,,1
,,1
,,1
,,1
,,1
,,1
,,1
,,1
,,1
,,1
,,1
,,1
,,1
,,1
,,1
,,1
,,1
,,1
,,1
,,1
,,1
,,1
,,1
,,1
,,1
,,1
,,1
,,1
,,1
,,1
,,1
,,1
,,1
,,1
,,1
,,1
,,1
,,1
,,1
,,1
,,1
,,1
,,1
,,1
,,1
,,1
,,1
,,1
,,1
,,1
,,1
,,1
,,1
,,1
,,1
,,1
,,1
,,1
,,1
,,1
,,1
,,1
,,1
,,1
,,1
,,1
,,1
,,1
,,1
,,1
,,1
,,1
,,1
,,1
,,1
,,1
,,1
,,1
,,1
,,1
,,1
,,1
,,1
,,1
,,1
,,1
,,1
,,1
,,1
,,1
,,1
,,1
,,1
,,1
,,1
,,1
,,1
,,1
,,1
,,1
,,1
,,1
,,1
,,1
,,1
,,1
,,1
,,1
,,1
,,1
,,1
,,1
,,1
,,1
,,1
,,1
,,1
,,1
,,1
,,1
,,1
,,1
,,1
,,1
,,1
,,1
,,1
,,1
,,1
,,1
,,1
,,1
,,1
,,1
,,1
,,1
,,1
,,1
,,1
,,1
,,1
,,1
,,1
,,1
,,1
,,1
,,1
,,1
,,1
,,1
,,1
,,1
,,1
,,1
,,1
,,1
,,1
,,1
,,1
,,1
,,1
,,1
,,1
,,1
,,1
,,1
,,1
,,1
,,1
,,1
,,1
,,1
,,1
,,1
,,1
,,1
,,1
,,1
,,1
,,1
,,1
,,1
,,1
,,1
,,1
,,1
,,1
,,1
,,1
,,1
,,1
,,1
,,1
,,1
,,1
,,1
,,1
,,1
,,1
,,1
,,1
,,1
,,1
,,1
,,1
,,1
,,1
,,1
,,1
,,1
,,1
,,1
,,1
,,1
,,1
,,1
,,1
,,1
,,1
,,1
,,1
,,1
,,1
,,1
,,1
,,1
,,1
,,1
,,1
,,1
,,1
,,1
,,1
,,1
,,1
,,1
,,1
,,1
,,1
,,1
,,1
,,1
,,1
,,1
,,1
,,1
,,1
,,1
,,1
,,1
,,1
,,1
,,1
,,1
,,1
,,1
,,1
,,1
,,1
,,1
,,1
,,1
,,1
,,1
,,1
,,1
,,1
,,1
,,1
,,1
,,1
,,1
,,1
,,1
,,1
,,1
,,1
,,1
,,1
,,1
,,1
,,1
,,1
,,1
,,1
,,1
,,1
,,1
,,1
,,1
,,1
,,1
,,1
,,1
,,1
,,1
,,1
,,1
,,1
,,1
,,1
,,1
,,1
,,1
,,1
,,1
,,1
,,1
,,1
,,1
,,1
,,1
,,1
,,1
,,1
,,1
,,1
,,1
,,1
,,1
,,1
,,1
,,1
,,1
,,1
,,1
,,1
,,1
,,1
,,1
,,1
,,1
,,1
,,1
,,1
,,1
,,1
,,1
,,1
,,1
,,1
,,1
,,1
,,1
,,1
,,1
,,1
,,1
,,1
,,1
,,1
,,1
,,1
,,1
,,1
,,1
,,1
,,1
,,1
,,1
,,1
,,1
,,1
,,1
,,1
,,1
,,1
,,1
,,1
,,1
,,1
,,1
,,1
,,1
,,1
,,1
,,1
,,1
,,1
,,1
,,1
,,1
,,1
,,1
,,1
,,1
,,1
,,1
,,1
,,1
,,1
,,1
,,1
,,1
,,1
,,1
,,1
,,1
,,1
,,1
,,1
,,1
,,1
,,1
,,1
,,1
,,1
,,1
,,1
,,1
,,1
,,1
,,1
,,1
,,1
,,1
,,1
,,1
,,1
,,1
,,1
,,1
,,1
,,1
,,1
,,1
,,1
,,1
,,1
,,1
,,1
,,1
,,1
,,1
,,1
,,1
,,1
,,1
,,1
,,1
,,1
,,1
,,1
,,1
,,1
,,1
,,1
,,1
,,1
,,1
,,1
,,1
,,1
,,1
,,1
,,1
,,1
,,1
,,1
,,1
,,1
,,1
,,1
,,1
,,1
,,1
,,1
,,1
,,1
,,1
,,1
,,1
,,1
,,1
,,1
,,1
,,1
,,1
,,1
,,1
,,1
,,1
,,1
,,1
,,1
,,1
,,1
,,1
,,1
,,1
,,1
,,1
,,1
,,1
,,1
,,1
,,1
,,1
,,1
,,1
,,1
,,1
,,1
,,1
,,1
,,1
,,1
,,1
,,1
,,1
,,1
,,1
,,1
,,1
,,1
,,1
,,1
,,1
,,1
,,1
,,1
,,1
,,1
,,1
,,1
,,1
,,1
,,1
,,1
,,1
,,1
,,1
,,1
,,1
,,1
,,1
,,1
,,1
,,1
,,1
,,1
,,1
,,1
,,1
,,1
,,1
,,1
,,1
,,1
,,1
,,1
,,1
,,1
,,1
,,1
,,1
,,1
,,1
,,1
,,1
,,1
,,1
,,1
,,1
,,1
,,1
,,1
,,1
,,1
,,1
,,1
,,1
,,1
,,1
,,1
,,1
,,1
,,1
,,1
,,1
,,1
,,1
,,1
,,1
,,1
,,1
,,1
,,1
,,1
,,1
,,1
,,1
,,1
,,1
,,1
,,1
,,1
,,1
,,1
,,1
,,1
,,1
,,1
,,1
,,1
,,1
,,1
,,1
,,1
,,1
,,1
,,1
,,1
,,1
,,1
,,1
,,1
,,1
,,1
,,1
,,1
,,1
,,1
,,1
,,1
,,1
,,1
,,1
,,1
,,1
,,1
,,1
,,1
,,1
,,1
,,1
,,1
,,1
,,1
,,1
,,1
,,1
,,1
,,1
,,1
,,1
,,1
,,1
,,1
,,1
,,1
,,1
,,1
,,1
,,1
,,1
,,1
,,1
,,1
,,1
,,1
,,1
,,1
,,1
,,1
,,1
,,1
,,1
,,1
,,1
,,1
,,1
,,1
,,1
,,1
,,1
,,1
,,1
,,1
,,1
,,1
,,1
,,1
,,1
,,1
,,1
,,1
,,1
,,1
,,1
,,1
,,1
,,1
,,1
,,1
,,1
,,1
,,1
,,1
,,1
,,1
,,1
,,1
,,1
,,1
,,1
,,1
,,1
,,1
,,1
,,1
,,1
,,1
,,1
,,1
,,1
,,1
,,1
,,1
,,1
,,1
,,1
,,1
,,1
,,1
,,1
,,1
,,1
,,1
,,1
,,1
,,1
,,1
,,1
,,1
,,1
,,1
,,1
,,1
,,1
,,1
,,1
,,1
,,1
,,1
,,1
,,1
,,1
,,1
,,1
,,1
,,1
,,1
,,1
,,1
,,1
,,1
,,1
,,1
,,1
,,1
,,1
,,1
,,1
,,1
,,1
,,1
,,1
,,1
,,1
,,1
,,1
,,1
,,1
,,1
,,1
,,1
,,1
,,1
,,1
,,1
,,1
,,1
,,1
,,1
,,1
,,1
,,1
,,1
,,1
,,1
,,1
,,1
,,1
,,1
,,1
,,1
,,1
,,1
,,1
,,1
,,1
,,1
,,1
,,1
,,1
,,1
,,1
,,1
,,1
,,1
,,1
,,1
,,1
,,1
,,1
,,1
,,1
,,1
,,1
,,1
,,1
,,1
,,1
,,1
,,1
,,1
,,1
,,1
,,1
,,1
,,1
,,1
,,1
,,1
,,1
,,1
,,1
,,1
,,1
,,1
,,1
,,1
,,1
,,1
,,1
,,1
,,1
,,1
,,1
,,1
,,1
,,1
,,1
,,1
,,1
,,1
,,1
,,1
,,1
,,1
,,1
,,1
,,1
,,1
,,1
,,1
,,1
,,1
,,1
,,1
,,1
,,1
,,1
,,1
,,1
,,1
,,1
,,1
,,1
,,1
,,1
,,1
,,1
,,1
,,1
,,1
,,1
,,1
,,1
,,1
,,1
,,1
,,1
,,1
,,1
,,1
,,1
,,1
,,1
,,1
,,1
,,1
,,1
,,1
,,1
,,1
,,1
,,1
,,1
,,1
,,1
,,1
,,1
,,1
,,1
,,1
,,1
,,1
,,1
,,1
,,1
,,1
,,1
,,1
,,1
,,1
,,1
,,1
,,1
,,1
,,1
,,1
,,1
,,1
,,1
,,1
,,1
,,1
,,1
,,1
,,1
,,1
,,1
,,1
,,1
,,1
,,1
,,1
,,1
,,1
,,1
,,1
,,1
,,1
,,1
,,1
,,1
,,1
,,1
,,1
,,1
,,1
,,1
,,1
,,1
,,1
,,1
,,1
,,1
,,1
,,1
,,1
,,1
,,1
,,1
,,1
,,1
,,1
,,1
,,1
,,1
,,1
,,1
,,1
,,1
,,1
,,1
,,1
,,1
,,1
,,1
,,1
,,1
,,1
,,1
,,1
,,1
,,1
,,1
,,1
,,1
,,1
,,1
,,1
,,1
,,1
,,1
,,1
,,1
,,1
,,1
,,1
,,1
,,1
,,1
,,1
,,1
,,1
,,1
,,1
,,1
,,1
,,1
,,1
,,1
,,1
,,1
,,1
,,1
,,1
,,1
,,1
,,1
,,1
,,1
,,1
,,1
,,1
,,1
,,1
,,1
,,1
,,1
,,1
,,1
,,1
,,1
,,1
,,1
,,1
,,1
,,1
,,1
,,1
,,1
,,1
,,1
,,1
,,1
,,1
,,1
,,1
,,1
,,1
,,1
,,1
,,1
,,1
,,1
,,1
,,1
,,1
,,1
,,1
,,1
,,1
,,1
,,1
,,1
,,1
,,1
,,1
,,1
,,1
,,1
,,1
,,1
,,1
,,1
,,1
,,1
,,1
,,1
,,1
,,1
,,1
,,1
,,1
,,1
,,1
,,1
,,1
,,1
,,1
,,1
,,1
,,1
,,1
,,1
,,1
,,1
,,1
,,1
,,1
,,1
,,1
,,1
,,1
,,1
,,1
,,1
,,1
,,1
,,1
,,1
,,1
,,1
,,1
,,1
,,1
,,1
,,1
,,1
,,1
,,1
,,1
,,1
,,1
,,1
,,1
,,1
,,1
,,1
,,1
,,1
,,1
,,1
,,1
,,1
,,1
,,1
,,1
,,1
,,1
,,1
,,1
,,1
,,1
,,1
,,1
,,1
,,1
,,1
,,1
,,1
,,1
,,1
,,1
,,1
,,1
,,1
,,1
,,1
,,1
,,1
,,1
,,1
,,1
,,1
,,1
,,1
,,1
,,1
,,1
,,1
,,1
,,1
,,1
,,1
,,1
,,1
,,1
,,1
,,1
,,1
,,1
,,1
,,1
,,1
,,1
,,1
,,1
,,1
,,1
,,1
,,1
,,1
,,1
,,1
,,1
,,1
,,1
,,1
,,1
,,1
,,1
,,1
,,1
,,1
,,1
,,1
,,1
,,1
,,1
,,1
,,1
,,1
,,1
,,1
,,1
,,1
,,1
,,1
,,1
,,1
,,1
,,1
,,1
,,1
,,1
,,1
,,1
,,1
,,1
,,1
,,1
,,1
,,1
,,1
,,1
,,1
,,1
,,1
,,1
,,1
,,1
,,1
,,1
,,1
,,1
,,1
,,1
,,1
,,1
,,1
,,1
,,1
,,1
,,1
,,1
,,1
,,1
,,1
,,1
,,1
,,1
,,1
,,1
,,1
,,1
,,1
,,1
,,1
,,1
,,1
,,1
,,1
,,1
,,1
,,1
,,1
,,1
,,1
,,1
,,1
,,1
,,1
,,1
,,1
,,1
,,1
,,1
,,1
,,1
,,1
,,1
,,1
,,1
,,1
,,1
,,1
,,1
,,1
,,1
,,1
,,1
,,1
,,1
,,1
,,1
,,1
,,1
,,1
,,1
,,1
,,1
,,1
,,1
,,1
,,1
,,1
,,1
,,1
,,1
,,1
,,1
,,1
,,1
,,1
,,1
,,1
,,1
,,1
,,1
,,1
,,1
,,1
,,1
,,1
,,1
,,1
,,1
,,1
,,1
,,1
,,1
,,1
,,1
,,1
,,1
,,1
,,1
,,1
,,1
,,1
,,1
,,1
,,1
,,1
,,1
,,1
,,1
,,1
,,1
,,1
,,1
,,1
,,1
,,1
,,1
,,1
,,1
,,1
,,1
,,1
,,1
,,1
,,1
,,1
,,1
,,1
,,1
,,1
,,1
,,1
,,1
,,1
,,1
,,1
,,1
,,1
,,1
,,1
,,1
,,1
,,1
,,1
,,1
,,1
,,1
,,1
,,1
,,1
,,1
,,1
,,1
,,1
,,1
,,1
,,1
,,1
,,1
,,1
,,1
,,1
,,1
,,1
,,1
,,1
,,1
,,1
,,1
,,1
,,1
,,1
,,1
,,1
,,1
,,1
,,1
,,1
,,1
,,1
,,1
,,1
,,1
,,1
,,1
,,1
,,1
,,1
,,1
,,1
,,1
,,1
,,1
,,1
,,1
,,1
,,1
,,1
,,1
,,1
,,1
,,1
,,1
,,1
,,1
,,1
,,1
,,1
,,1
,,1
,,1
,,1
,,1
,,1
,,1
,,1
,,1
,,1
,,1
,,1
,,1
,,1
,,1
,,1
,,1
,,1
,,1
,,1
,,1
,,1
,,1
,,1
,,1
,,1
,,1
,,1
,,1
,,1
,,1
,,1
,,1
,,1
,,1
,,1
,,1
,,1
,,1
,,1
,,1
,,1
,,1
,,1
,,1
,,1
,,1
,,1
,,1
,,1
,,1
,,1
,,1
,,1
,,1
,,1
,,1
,,1
,,1
,,1
,,1
,,1
,,1
,,1
,,1
,,1
,,1
,,1
,,1
,,1
,,1
,,1
,,1
,,1
,,1
,,1
,,1
,,1
,,1
,,1
,,1
,,1
,,1
,,1
,,1
,,1
,,1
,,1
,,1
,,1
,,1
,,1
,,1
,,1
,,1
,,1
,,1
,,1
,,1
,,1
,,1
,,1
,,1
,,1
,,1
,,1
,,1
,,1
,,1
,,1
,,1
,,1
,,1
,,1
,,1
,,1
,,1
,,1
,,1
,,1
,,1
,,1
,,1
,,1
,,1
,,1
,,1
,,1
,,1
,,1
,,1
,,1
,,1
,,1
,,1
,,1
,,1
,,1
,,1
,,1
,,1
,,1
,,1
,,1
,,1
,,1
,,1
,,1
,,1
,,1
,,1
,,1
,,1
,,1
,,1
,,1
,,1
,,1
,,1
,,1
,,1
,,1
,,1
,,1
,,1
,,1
,,1
,,1
,,1
,,1
,,1
,,1
,,1
,,1
,,1
,,1
,,1
,,1
,,1
,,1
,,1
,,1
,,1
,,1
,,1
,,1
,,1
,,1
,,1
,,1
,,1
,,1
,,1
,,1
,,1
,,1
,,1
,,1
,,1
,,1
,,1
,,1
,,1
,,1
,,1
,,1
,,1
,,1
,,1
,,1
,,1
,,1
,,1
,,1
,,1
,,1
,,1
,,1
,,1
,,1
,,1
,,1
,,1
,,1
,,1
,,1
,,1
,,1
,,1
,,1
,,1
,,1
,,1
,,1
,,1
,,1
,,1
,,1
,,1
,,1
,,1
,,1
,,1
,,1
,,1
,,1
,,1
,,1
,,1
,,1
,,1
,,1
,,1
,,1
,,1
,,1
,,1
,,1
,,1
,,1
,,1
,,1
,,1
,,1
,,1
,,1
,,1
,,1
,,1
,,1
,,1
,,1
,,1
,,1
,,1
,,1
,,1
,,1
,,1
,,1
,,1
,,1
,,1
,,1
,,1
,,1
,,1
,,1
,,1
,,1
,,1
,,1
,,1
,,1
,,1
,,1
,,1
,,1
,,1
,,1
,,1
,,1
,,1
,,1
,,1
,,1
,,1
,,1
,,1
,,1
,,1
,,1
,,1
,,1
,,1
,,1
,,1
,,1
,,1
,,1
,,1
,,1
,,1
,,1
,,1
,,1
,,1
,,1
,,1
,,1
,,1
,,1
,,1
,,1
,,1
,,1
,,1
,,1
,,1
,,1
,,1
,,1
,,1
,,1
,,1
,,1
,,1
,,1
,,1
,,1
,,1
,,1
,,1
,,1
,,1
,,1
,,1
,,1
,,1
,,1
,,1
,,1
,,1
,,1
,,1
,,1
,,1
,,1
,,1
,,1
,,1
,,1
,,1
,,1
,,1
,,1
,,1
,,1
,,1
,,1
,,1
,,1
,,1
,,1
,,1
,,1
,,1
,,1
,,1
,,1
,,1
,,1
,,1
,,1
,,1
,,1
,,1
,,1
,,1
,,1
,,1
,,1
,,1
,,1
,,1
,,1
,,1
,,1
,,1
,,1
,,1
,,1
,,1
,,1
,,1
,,1
,,1
,,1
,,1
,,1
,,1
,,1
,,1
,,1
,,1
,,1
,,1
,,1
,,1
,,1
,,1
,,1
,,1
,,1
,,1
,,1
,,1
,,1
,,1
,,1
,,1
,,1
,,1
,,1
,,1
,,1
,,1
,,1
,,1
,,1
,,1
,,1
,,1
,,1
,,1
,,1
,,1
,,1
,,1
,,1
,,1
,,1
,,1
,,1
,,1
,,1
,,1
,,1
,,1
,,1
,,1
,,1
,,1
,,1
,,1
,,1
,,1
,,1
,,1
,,1
,,1
,,1
,,1
,,1
,,1
,,1
,,1
,,1
,,1
,,1
,,1
,,1
,,1
,,1
,,1
,,1
,,1
,,1
,,1
,,1
,,1
,,1
,,1
,,1
,,1
,,1
,,1
,,1
,,1
,,1
,,1
,,1
,,1
,,1
,,1
,,1
,,1
,,1
,,1
,,1
,,1
,,1
,,1
,,1
,,1
,,1
,,1
,,1
,,1
,,1
,,1
,,1
,,1
,,1
,,1
,,1
,,1
,,1
,,1
,,1
,,1
,,1
,,1
,,1
,,1
,,1
,,1
,,1
,,1
,,1
,,1
,,1
,,1
,,1
,,1
,,1
,,1
,,1
,,1
,,1
,,1
,,1
,,1
,,1
,,1
,,1
,,1
,,1
,,1
,,1
,,1
,,1
,,1
,,1
,,1
,,1
,,1
,,1
,,1
,,1
,,1
,,1
,,1
,,1
,,1
,,1
,,1
,,1
,,1
,,1
,,1
,,1
,,1
,,1
,,1
,,1
,,1
,,1
,,1
,,1
,,1
,,1
,,1
,,1
,,1
,,1
,,1
,,1
,,1
,,1
,,1
,,1
,,1
,,1
,,1
,,1
,,1
,,1
,,1
,,1
,,1
,,1
,,1
,,1
,,1
,,1
,,1
,,1
,,1
,,1
,,1
,,1
,,1
,,1
,,1
,,1
,,1
,,1
,,1
,,1
,,1
,,1
,,1
,,1
,,1
,,1
,,1
,,1
,,1
,,1
,,1
,,1
,,1
,,1
,,1
,,1
,,1
,,1
,,1
,,1
,,1
,,1
,,1
,,1
,,1
,,1
,,1
,,1
,,1
,,1
,,1
,,1
,,1
,,1
,,1
,,1
,,1
,,1
,,1
,,1
,,1
,,1
,,1
,,1
,,1
,,1
,,1
,,1
,,1
,,1
,,1
,,1
,,1
,,1
,,1
,,1
,,1
,,1
,,1
,,1
,,1
,,1
,,1
,,1
,,1
,,1
,,1
,,1
,,1
,,1
,,1
,,1
,,1
,,1
,,1
,,1
,,1
,,1
,,1
,,1
,,1
,,1
,,1
,,1
,,1
,,1
,,1
,,1
,,1
,,1
,,1
,,1
,,1
,,1
,,1
,,1
,,1
,,1
,,1
,,1
,,1
,,1
,,1
,,1
,,1
,,1
,,1
,,1
,,1
,,1
,,1
,,1
,,1
,,1
,,1
,,1
,,1
,,1
,,1
,,1
,,1
,,1
,,1
,,1
,,1
,,1
,,1
,,1
,,1
,,1
,,1
,,1
,,1
,,1
,,1
,,1
,,1
,,1
,,1
,,1
,,1
,,1
,,1
,,1
,,1
,,1
,,1
,,1
,,1
,,1
,,1
,,1
,,1
,,1
,,1
,,1
,,1
,,1
,,1
,,1
,,1
,,1
,,1
,,1
,,1
,,1
,,1
,,1
,,1
,,1
,,1
,,1
,,1
,,1
,,1
,,1
,,1
,,1
,,1
,,1
,,1
,,1
,,1
,,1
,,1
,,1
,,1
,,1
,,1
,,1
,,1
,,1
,,1
,,1
,,1
,,1
,,1
,,1
,,1
,,1
,,1
,,1
,,1
,,1
,,1
,,1
,,1
,,1
,,1
,,1
,,1
,,1
,,1
,,1
,,1
,,1
,,1
,,1
,,1
,,1
,,1
,,1
,,1
,,1
,,1
,,1
,,1
,,1
,,1
,,1
,,1
,,1
,,1
,,1
,,1
,,1
,,1
,,1
,,1
,,1
,,1
,,1
,,1
,,1
,,1
,,1
,,1
,,1
,,1
,,1
,,1
,,1
,,1
,,1
,,1
,,1
,,1
,,1
,,1
,,1
,,1
,,1
,,1
,,1
,,1
,,1
,,1
,,1
,,1
,,1
,,1
,,1
,,1
,,1
,,1
,,1
,,1
,,1
,,1
,,1
,,1
,,1
,,1
,,1
,,1
,,1
,,1
,,1
,,1
,,1
,,1
,,1
,,1
,,1
,,1
,,1
,,1
,,1
,,1
,,1
,,1
,,1
,,1
,,1
,,1
,,1
,,1
,,1
,,1
,,1
,,1
,,1
,,1
,,1
,,1
,,1
,,1
,,1
,,1
,,1
,,1
,,1
,,1
,,1
,,1
,,1
,,1
,,1
,,1
,,1
,,1
,,1
,,1
,,1
,,1
,,1
,,1
,,1
,,1
,,1
,,1
,,1
,,1
,,1
,,1
,,1
,,1
,,1
,,1
,,1
,,1
,,1
,,1
,,1
,,1
,,1
,,1
,,1
,,1
,,1
,,1
,,1
,,1
,,1
,,1
,,1
,,1
,,1
,,1
,,1
,,1
,,1
,,1
,,1
,,1
,,1
,,1
,,1
,,1
,,1
,,1
,,1
,,1
,,1
,,1
,,1
,,1
,,1
,,1
,,1
,,1
,,1
,,1
,,1
,,1
,,1
,,1
,,1
,,1
,,1
,,1
,,1
,,1
,,1
,,1
,,1
,,1
,,1
,,1
,,1
,,1
,,1
,,1
,,1
,,1
,,1
,,1
,,1
,,1
,,1
,,1
,,1
,,1
,,1
,,1
,,1
,,1
,,1
,,1
,,1
,,1
,,1
,,1
,,1
,,1
,,1
,,1
,,1
,,1
,,1
,,1
,,1
,,1
,,1
,,1
,,1
,,1
,,1
,,1
,,1
,,1
,,1
,,1
,,1
,,1
,,1
,,1
,,1
,,1
,,1
,,1
,,1
,,1
,,1
,,1
,,1
,,1
,,1
,,1
,,1
,,1
,,1
,,1
,,1
,,1
,,1
,,1
,,1
,,1
,,1
,,1
,,1
,,1
,,1
,,1
,,1
,,1
,,1
,,1
,,1
,,1
,,1
,,1
,,1
,,1
,,1
,,1
,,1
,,1
,,1
,,1
,,1
,,1
,,1
,,1
,,1
,,1
,,1
,,1
,,1
,,1
,,1
,,1
,,1
,,1
,,1
,,1
,,1
,,1
,,1
,,1
,,1
,,1
,,1
,,1
,,1
,,1
,,1
,,1
,,1
,,1
,,1
,,1
,,1
,,1
,,1
,,1
,,1
,,1
,,1
,,1
,,1
,,1
,,1
,,1
,,1
,,1
,,1
,,1
,,1
,,1
,,1
,,1
,,1
,,1
,,1
,,1
,,1
,,1
,,1
,,1
,,1
,,1
,,1
,,1
,,1
,,1
,,1
,,1
,,1
,,1
,,1
,,1
,,1
,,1
,,1
,,1
,,1
,,1
,,1
,,1
,,1
,,1
,,1
,,1
,,1
,,1
,,1
,,1
,,1
,,1
,,1
,,1
,,1
,,1
,,1
,,1
,,1
,,1
,,1
,,1
,,1
,,1
,,1
,,1
,,1
,,1
,,1
,,1
,,1
,,1
,,1
,,1
,,1
,,1
,,1
,,1
,,1
,,1
,,1
,,1
,,1
,,1
,,1
,,1
,,1
,,1
,,1
,,1
,,1
,,1
,,1
,,1
,,1
,,1
,,1
,,1
,,1
,,1
,,1
,,1
,,1
,,1
,,1
,,1
,,1
,,1
,,1
,,1
,,1
,,1
,,1
,,1
,,1
,,1
,,1
,,1
,,1
,,1
,,1
,,1
,,1
,,1
,,1
,,1
,,1
,,1
,,1
,,1
,,1
,,1
,,1
,,1
,,1
,,1
,,1
,,1
,,1
,,1
,,1
,,1
,,1
,,1
,,1
,,1
,,1
,,1
,,1
,,1
,,1
,,1
,,1
,,1
,,1
,,1
,,1
,,1
,,1
,,1
,,1
,,1
,,1
,,1
,,1
,,1
,,1
,,1
,,1
,,1
,,1
,,1
,,1
,,1
,,1
,,1
,,1
,,1
,,1
,,1
,,1
,,1
,,1
,,1
,,1
,,1
,,1
,,1
,,1
,,1
,,1
,,1
,,1
,,1
,,1
,,1
,,1
,,1
,,1
,,1
,,1
,,1
,,1
,,1
,,1
,,1
,,1
,,1
,,1
,,1
,,1
,,1
,,1
,,1
,,1
,,1
,,1
,,1
,,1
,,1
,,1
,,1
,,1
,,1
,,1
,,1
,,1
,,1
,,1
,,1
,,1
,,1
,,1
,,1
,,1
,,1
,,1
,,1
,,1
,,1
,,1
,,1
,,1
,,1
,,1
,,1
,,1
,,1
,,1
,,1
,,1
,,1
,,1
,,1
,,1
,,1
,,1
,,1
,,1
,,1
,,1
,,1
,,1
,,1
,,1
,,1
,,1
,,1
,,1
,,1
,,1
,,1
,,1
,,1
,,1
,,1
,,1
,,1
,,1
,,1
,,1
,,1
,,1
,,1
,,1
,,1
,,1
,,1
,,1
,,1
,,1
,,1
,,1
,,1
,,1
,,1
,,1
,,1
,,1
,,1
,,1
,,1
,,1
,,1
,,1
,,1
,,1
,,1
,,1
,,1
,,1
,,1
,,1
,,1
,,1
,,1
,,1
,,1
,,1
,,1
,,1
,,1
,,1
,,1
,,1
,,1
,,1
,,1
,,1
,,1
,,1
,,1
,,1
,,1
,,1
,,1
,,1
,,1
,,1
,,1
,,1
,,1
,,1
,,1
,,1
,,1
,,1
,,1
,,1
,,1
,,1
,,1
,,1
,,1
,,1
,,1
,,1
,,1
,,1
,,1
,,1
,,1
,,1
,,1
,,1
,,1
,,1
,,1
,,1
,,1
,,1
,,1
,,1
,,1
,,1
,,1
,,1
,,1
,,1
,,1
,,1
,,1
,,1
,,1
,,1
,,1
,,1
,,1
,,1
,,1
,,1
,,1
,,1
,,1
,,1
,,1
,,1
,,1
,,1
,,1
,,1
,,1
,,1
,,1
,,1
,,1
,,1
,,1
,,1
,,1
,,1
,,1
,,1
,,1
,,1
,,1
,,1
,,1
,,1
,,1
,,1
,,1
,,1
,,1
,,1
,,1
,,1
,,1
,,1
,,1
,,1
,,1
,,1
,,1
,,1
,,1
,,1
,,1
,,1
,,1
,,1
,,1
,,1
,,1
,,1
,,1
,,1
,,1
,,1
,,1
,,1
,,1
,,1
,,1
,,1
,,1
,,1
,,1
,,1
,,1
,,1
,,1
,,1
,,1
,,1
,,1
,,1
,,1
,,1
,,1
,,1
,,1
,,1
,,1
,,1
,,1
,,1
,,1
,,1
,,1
,,1
,,1
,,1
,,1
,,1
,,1
,,1
,,1
,,1
,,1
,,1
,,1
,,1
,,1
,,1
,,1
,,1
,,1
,,1
,,1
,,1
,,1
,,1
,,1
,,1
,,1
,,1
,,1
,,1
,,1
,,1
,,1
,,1
,,1
,,1
,,1
,,1
,,1
,,1
,,1
,,1
,,1
,,1
,,1
,,1
,,1
,,1
,,1
,,1
,,1
,,1
,,1
,,1
,,1
,,1
,,1
,,1
,,1
,,1
,,1
,,1
,,1
,,1
,,1
,,1
,,1
,,1
,,1
,,1
,,1
,,1
,,1
,,1
,,1
,,1
,,1
,,1
,,1
,,1
,,1
,,1
,,1
,,1
,,1
,,1
,,1
,,1
,,1
,,1
,,1
,,1
,,1
,,1
,,1
,,1
,,1
,,1
,,1
,,1
,,1
,,1
,,1
,,1
,,1
,,1
,,1
,,1
,,1
,,1
,,1
,,1
,,1
,,1
,,1
,,1
,,1
,,1
,,1
,,1
,,1
,,1
,,1
,,1
,,1
,,1
,,1
,,1
,,1
,,1
,,1
,,1
,,1
,,1
,,1
,,1
,,1
,,1
,,1
,,1
,,1
,,1
,,1
,,1
,,1
,,1
,,1
,,1
,,1
,,1
,,1
,,1
,,1
,,1
,,1
,,1
,,1
,,1
,,1
,,1
,,1
,,1
,,1
,,1
,,1
,,1
,,1
,,1
,,1
,,1
,,1
,,1
,,1
,,1
,,1
,,1
,,1
,,1
,,1
,,1
,,1
,,1
,,1
,,1
,,1
,,1
,,1
,,1
,,1
,,1
,,1
,,1
,,1
,,1
,,1
,,1
,,1
,,1
,,1
,,1
,,1
,,1
,,1
,,1
,,1
,,1
,,1
,,1
,,1
,,1
,,1
,,1
,,1
,,1
,,1
,,1
,,1
,,1
,,1
,,1
,,1
,,1
,,1
,,1
,,1
,,1
,,1
,,1
,,1
,,1
,,1
,,1
,,1
,,1
,,1
,,1
,,1
,,1
,,1
,,1
,,1
,,1
,,1
,,1
,,1
,,1
,,1
,,1
,,1
,,1
,,1
,,1
,,1
,,1
,,1
,,1
,,1
,,1
,,1
,,1
,,1
,,1
,,1
,,1
,,1
,,1
,,1
,,1
,,1
,,1
,,1
,,1
,,1
,,1
,,1
,,1
,,1
,,1
,,1
,,1
,,1
,,1
,,1
,,1
,,1
,,1
,,1
,,1
,,1
,,1
,,1
,,1
,,1
,,1
,,1
,,1
,,1
,,1
,,1
,,1
,,1
,,1
,,1
,,1
,,1
,,1
,,1
,,1
,,1
,,1
,,1
,,1
,,1
,,1
,,1
,,1
,,1
,,1
,,1
,,1
,,1
,,1
,,1
,,1
,,1
,,1
,,1
,,1
,,1
,,1
,,1
,,1
,,1
,,1
,,1
,,1
,,1
,,1
,,1
,,1
,,1
,,1
,,1
,,1
,,1
,,1
,,1
,,1
,,1
,,1
,,1
,,1
,,1
,,1
,,1
,,1
,,1
,,1
,,1
,,1
,,1
,,1
,,1
,,1
,,1
,,1
,,1
,,1
,,1
,,1
,,1
,,1
,,1
,,1
,,1
,,1
,,1
,,1
,,1
,,1
,,1
,,1
,,1
,,1
,,1
,,1
,,1
,,1
,,1
,,1
,,1
,,1
,,1
,,1
,,1
,,1
,,1
,,1
,,1
,,1
,,1
,,1
,,1
,,1
,,1
,,1
,,1
,,1
,,1
,,1
,,1
,,1
,,1
,,1
,,1
,,1
,,1
,,1
,,1
,,1
,,1
,,1
,,1
,,1
,,1
,,1
,,1
,,1
,,1
,,1
,,1
,,1
,,1
,,1
,,1
,,1
,,1
,,1
,,1
,,1
,,1
,,1
,,1
,,1
,,1
,,1
,,1
,,1
,,1
,,1
,,1
,,1
,,1
,,1
,,1
,,1
,,1
,,1
,,1
,,1
,,1
,,1
,,1
,,1
,,1
,,1
,,1
,,1
,,1
,,1
,,1
,,1
,,1
,,1
,,1
,,1
,,1
,,1
,,1
,,1
,,1
,,1
,,1
,,1
,,1
,,1
,,1
,,1
,,1
,,1
,,1
,,1
,,1
,,1
,,1
,,1
,,1
,,1
,,1
,,1
,,1
,,1
,,1
,,1
,,1
,,1
,,1
,,1
,,1
,,1
,,1
,,1
,,1
,,1
,,1
,,1
,,1
,,1
,,1
,,1
,,1
,,1
,,1
,,1
,,1
,,1
,,1
,,1
,,1
,,1
,,1
,,1
,,1
,,1
,,1
,,1
,,1
,,1
,,1
,,1
,,1
,,1
,,1
,,1
,,1
,,1
,,1
,,1
,,1
,,1
,,1
,,1
,,1
,,1
,,1
,,1
,,1
,,1
,,1
,,1
,,1
,,1
,,1
,,1
,,1
,,1
,,1
,,1
,,1
,,1
,,1
,,1
,,1
,,1
,,1
,,1
,,1
,,1
,,1
,,1
,,1
,,1
,,1
,,1
,,1
,,1
,,1
,,1
,,1
,,1
,,1
,,1
,,1
,,1
,,1
,,1
,,1
,,1
,,1
,,1
,,1
,,1
,,1
,,1
,,1
,,1
,,1
,,1
,,1
,,1
,,1
,,1
,,1
,,1
,,1
,,1
,,1
,,1
,,1
,,1
,,1
,,1
,,1
,,1
,,1
,,1
,,1
,,1
,,1
,,1
,,1
,,1
,,1
,,1
,,1
,,1
,,1
,,1
,,1
,,1
,,1
,,1
,,1
,,1
,,1
,,1
,,1
,,1
,,1
,,1
,,1
,,1
,,1
,,1
,,1
,,1
,,1
,,1
,,1
,,1
,,1
,,1
,,1
,,1
,,1
,,1
,,1
,,1
,,1
,,1
,,1
,,1
,,1
,,1
,,1
,,1
,,1
,,1
,,1
,,1
,,1
,,1
,,1
,,1
,,1
,,1
,,1
,,1
,,1
,,1
,,1
,,1
,,1
,,1
,,1
,,1
,,1
,,1
,,1
,,1
,,1
,,1
,,1
,,1
,,1
,,1
,,1
,,1
,,1
,,1
,,1
,,1
,,1
,,1
,,1
,,1
,,1
,,1
,,1
,,1
,,1
,,1
,,1
,,1
,,1
,,1
,,1
,,1
,,1
,,1
,,1
,,1
,,1
,,1
,,1
,,1
,,1
,,1
,,1
,,1
,,1
,,1
,,1
,,1
,,1
,,1
,,1
,,1
,,1
,,1
,,1
,,1
,,1
,,1
,,1
,,1
,,1
,,1
,,1
,,1
,,1
,,1
,,1
,,1
,,1
,,1
,,1
,,1
,,1
,,1
,,1
,,1
,,1
,,1
,,1
,,1
,,1
,,1
,,1
,,1
,,1
,,1
,,1
,,1
,,1
,,1
,,1
,,1
,,1
,,1
,,1
,,1
,,1
,,1
,,1
,,1
,,1
,,1
,,1
,,1
,,1
,,1
,,1
,,1
,,1
,,1
,,1
,,1
,,1
,,1
,,1
,,1
,,1
,,1
,,1
,,1
,,1
,,1
,,1
,,1
,,1
,,1
,,1
,,1
,,1
,,1
,,1
,,1
,,1
,,1
,,1
,,1
,,1
,,1
,,1
,,1
,,1
,,1
,,1
,,1
,,1
,,1
,,1
,,1
,,1
,,1
,,1
,,1
,,1
,,1
,,1
,,1
,,1
,,1
,,1
,,1
,,1
,,1
,,1
,,1
,,1
,,1
,,1
,,1
,,1
,,1
,,1
,,1
,,1
,,1
,,1
,,1
,,1
,,1
,,1
,,1
,,1
,,1
,,1
,,1
,,1
,,1
,,1
,,1
,,1
,,1
,,1
,,1
,,1
,,1
,,1
,,1
,,1
,,1
,,1
,,1
,,1
,,1
,,1
,,1
,,1
,,1
,,1
,,1
,,1
,,1
,,1
,,1
,,1
,,1
,,1
,,1
,,1
,,1
,,1
,,1
,,1
,,1
,,1
,,1
,,1
,,1
,,1
,,1
,,1
,,1
,,1
,,1
,,1
,,1
,,1
,,1
,,1
,,1
,,1
,,1
,,1
,,1
,,1
,,1
,,1
,,1
,,1
,,1
,,1
,,1
,,1
,,1
,,1
,,1
,,1
,,1
,,1
,,1
,,1
,,1
,,1
,,1
,,1
,,1
,,1
,,1
,,1
,,1
,,1
,,1
,,1
,,1
,,1
,,1
,,1
,,1
,,1
,,1
,,1
,,1
,,1
,,1
,,1
,,1
,,1
,,1
,,1
,,1
,,1
,,1
,,1
,,1
,,1
,,1
,,1
,,1
,,1
,,1
,,1
,,1
,,1
,,1
,,1
,,1
,,1
,,1
,,1
,,1
,,1
,,1
,,1
,,1
,,1
,,1
,,1
,,1
,,1
,,1
,,1
,,1
,,1
,,1
,,1
,,1
,,1
,,1
,,1
,,1
,,1
,,1
,,1
,,1
,,1
,,1
,,1
,,1
,,1
,,1
,,1
,,1
,,1
,,1
,,1
,,1
,,1
,,1
,,1
,,1
,,1
,,1
,,1
,,1
,,1
,,1
,,1
,,1
,,1
,,1
,,1
,,1
,,1
,,1
,,1
,,1
,,1
,,1
,,1
,,1
,,1
,,1
,,1
,,1
,,1
,,1
,,1
,,1
,,1
,,1
,,1
,,1
,,1
,,1
,,1
,,1
,,1
,,1
,,1
,,1
,,1
,,1
,,1
,,1
,,1
,,1
,,1
,,1
,,1
,,1
,,1
,,1
,,1
,,1
,,1
,,1
,,1
,,1
,,1
,,1
,,1
,,1
,,1
,,1
,,1
,,1
,,1
,,1
,,1
,,1
,,1
,,1
,,1
,,1
,,1
,,1
,,1
,,1
,,1
,,1
,,1
,,1
,,1
,,1
,,1
,,1
,,1
,,1
,,1
,,1
,,1
,,1
,,1
,,1
,,1
,,1
,,1
,,1
,,1
,,1
,,1
,,1
,,1
,,1
,,1
,,1
,,1
,,1
,,1
,,1
,,1
,,1
,,1
,,1
,,1
,,1
,,1
,,1
,,1
,,1
,,1
,,1
,,1
,,1
,,1
,,1
,,1
,,1
,,1
,,1
,,1
,,1
,,1
,,1
,,1
,,1
,,1
,,1
,,1
,,1
,,1
,,1
,,1
,,1
,,1
,,1
,,1
,,1
,,1
,,1
,,1
,,1
,,1
,,1
,,1
,,1
,,1
,,1
,,1
,,1
,,1
,,1
,,1
,,1
,,1
,,1
,,1
,,1
,,1
,,1
,,1
,,1
,,1
,,1
,,1
,,1
,,1
,,1
,,1
,,1
,,1
,,1
,,1
,,1
,,1
,,1
,,1
,,1
,,1
,,1
,,1
,,1
,,1
,,1
,,1
,,1
,,1
,,1
,,1
,,1
,,1
,,1
,,1
,,1
,,1
,,1
,,1
,,1
,,1
,,1
,,1
,,1
,,1
,,1
,,1
,,1
,,1
,,1
,,1
,,1
,,1
,,1
,,1
,,1
,,1
,,1
,,1
,,1
,,1
,,1
,,1
,,1
,,1
,,1
,,1
,,1
,,1
,,1
,,1
,,1
,,1
,,1
,,1
,,1
,,1
,,1
,,1
,,1
,,1
,,1
,,1
,,1
,,1
,,1
,,1
,,1
,,1
,,1
,,1
,,1
,,1
,,1
,,1
,,1
,,1
,,1
,,1
,,1
,,1
,,1
,,1
,,1
,,1
,,1
,,1
,,1
,,1
,,1
,,1
,,1
,,1
,,1
,,1
,,1
,,1
,,1
,,1
,,1
,,1
,,1
,,1
,,1
,,1
,,1
,,1
,,1
,,1
,,1
,,1
,,1
,,1
,,1
,,1
,,1
,,1
,,1
,,1
,,1
,,1
,,1
,,1
,,1
,,1
,,1
,,1
,,1
,,1
,,1
,,1
,,1
,,1
,,1
,,1
,,1
,,1
,,1
,,1
,,1
,,1
,,1
,,1
,,1
,,1
,,1
,,1
,,1
,,1
,,1
,,1
,,1
,,1
,,1
,,1
,,1
,,1
,,1
,,1
,,1
,,1
,,1
,,1
,,1
,,1
,,1
,,1
,,1
,,1
,,1
,,1
,,1
,,1
,,1
,,1
,,1
,,1
,,1
,,1
,,1
,,1
,,1
,,1
,,1
,,1
,,1
,,1
,,1
,,1
,,1
,,1
,,1
,,1
,,1
,,1
,,1
,,1
,,1
,,1
,,1
,,1
,,1
,,1
,,1
,,1
,,1
,,1
,,1
,,1
,,1
,,1
,,1
,,1
,,1
,,1
,,1
,,1
,,1
,,1
,,1
,,1
,,1
,,1
,,1
,,1
,,1
,,1
,,1
,,1
,,1
,,1
,,1
,,1
,,1
,,1
,,1
,,1
,,1
,,1
,,1
,,1
,,1
,,1
,,1
,,1
,,1
,,1
,,1
,,1
,,1
,,1
,,1
,,1
,,1
,,1
,,1
,,1
,,1
,,1
,,1
,,1
,,1
,,1
,,1
,,1
,,1
,,1
,,1
,,1
,,1
,,1
,,1
,,1
,,1
,,1
,,1
,,1
,,1
,,1
,,1
,,1
,,1
,,1
,,1
,,1
,,1
,,1
,,1
,,1
,,1
,,1
,,1
,,1
,,1
,,1
,,1
,,1
,,1
,,1
,,1
,,1
,,1
,,1
,,1
,,1
,,1
,,1
,,1
,,1
,,1
,,1
,,1
,,1
,,1
,,1
,,1
,,1
,,1
,,1
,,1
,,1
,,1
,,1
,,1
,,1
,,1
,,1
,,1
,,1
,,1
,,1
,,1
,,1
,,1
,,1
,,1
,,1
,,1
,,1
,,1
,,1
,,1
,,1
,,1
,,1
,,1
,,1
,,1
,,1
,,1
,,1
,,1
,,1
,,1
,,1
,,1
,,1
,,1
,,1
,,1
,,1
,,1
,,1
,,1
,,1
,,1
,,1
,,1
,,1
,,1
,,1
,,1
,,1
,,1
,,1
,,1
,,1
,,1
,,1
,,1
,,1
,,1
,,1
,,1
,,1
,,1
,,1
,,1
,,1
,,1
,,1
,,1
,,1
,,1
,,1
,,1
,,1
,,1
,,1
,,1
,,1
,,1
,,1
,,1
,,1
,,1
,,1
,,1
,,1
,,1
,,1
,,1
,,1
,,1
,,1
,,1
,,1
,,1
,,1
,,1
,,1
,,1
,,1
,,1
,,1
,,1
,,1
,,1
,,1
,,1
,,1
,,1
,,1
,,1
,,1
,,1
,,1
,,1
,,1
,,1
,,1
,,1
,,1
,,1
,,1
,,1
,,1
,,1
,,1
,,1
,,1
,,1
,,1
,,1
,,1
,,1
,,1
,,1
,,1
,,1
,,1
,,1
,,1
,,1
,,1
,,1
,,1
,,1
,,1
,,1
,,1
,,1
,,1
,,1
,,1
,,1
,,1
,,1
,,1
,,1
,,1
,,1
,,1
,,1
,,1
,,1
,,1
,,1
,,1
,,1
,,1
,,1
,,1
,,1
,,1
,,1
,,1
,,1
,,1
,,1
,,1
,,1
,,1
,,1
,,1
,,1
,,1
,,1
,,1
,,1
,,1
,,1
,,1
,,1
,,1
,,1
,,1
,,1
,,1
,,1
,,1
,,1
,,1
,,1
,,1
,,1
,,1
,,1
,,1
,,1
,,1
,,1
,,1
,,1
,,1
,,1
,,1
,,1
,,1
,,1
,,1
,,1
,,1
,,1
,,1
,,1
,,1
,,1
,,1
,,1
,,1
,,1
,,1
,,1
,,1
,,1
,,1
,,1
,,1
,,1
,,1
,,1
,,1
,,1
,,1
,,1
,,1
,,1
,,1
,,1
,,1
,,1
,,1
,,1
,,1
,,1
,,1
,,1
,,1
,,1
,,1
,,1
,,1
,,1
,,1
,,1
,,1
,,1
,,1
,,1
,,1
,,1
,,1
,,1
,,1
,,1
,,1
,,1
,,1
,,1
,,1
,,1
,,1
,,1
,,1
,,1
,,1
,,1
,,1
,,1
,,1
,,1
,,1
,,1
,,1
,,1
,,1
,,1
,,1
,,1
,,1
,,1
,,1
,,1
,,1
,,1
,,1
,,1
,,1
,,1
,,1
,,1
,,1
,,1
,,1
,,1
,,1
,,1
,,1
,,1
,,1
,,1
,,1
,,1
,,1
,,1
,,1
,,1
,,1
,,1
,,1
,,1
,,1
,,1
,,1
,,1
,,1
,,1
,,1
,,1
,,1
,,1
,,1
,,1
,,1
,,1
,,1
,,1
,,1
,,1
,,1
,,1
,,1
,,1
,,1
,,1
,,1
,,1
,,1
,,1
,,1
,,1
,,1
,,1
,,1
,,1
,,1
,,1
,,1
,,1
,,1
,,1
,,1
,,1
,,1
,,1
,,1
,,1
,,1
,,1
,,1
,,1
,,1
,,1
,,1
,,1
,,1
,,1
,,1
,,1
,,1
,,1
,,1
,,1
,,1
,,1
,,1
,,1
,,1
,,1
,,1
,,1
,,1
,,1
,,1
,,1
,,1
,,1
,,1
,,1
,,1
,,1
,,1
,,1
,,1
,,1
,,1
,,1
,,1
,,1
,,1
,,1
,,1
,,1
,,1
,,1
,,1
,,1
,,1
,,1
,,1
,,1
,,1
,,1
,,1
,,1
,,1
,,1
,,1
,,1
,,1
,,1
,,1
,,1
,,1
,,1
,,1
,,1
,,1
,,1
,,1
,,1
,,1
,,1
,,1
,,1
,,1
,,1
,,1
,,1
,,1
,,1
,,1
,,1
,,1
,,1
,,1
,,1
,,1
,,1
,,1
,,1
,,1
,,1
,,1
,,1
,,1
,,1
,,1
,,1
,,1
,,1
,,1
,,1
,,1
,,1
,,1
,,1
,,1
,,1
,,1
,,1
,,1
,,1
,,1
,,1
,,1
,,1
,,1
,,1
,,1
,,1
,,1
,,1
,,1
,,1
,,1
,,1
,,1
,,1
,,1
,,1
,,1
,,1
,,1
,,1
,,1
,,1
,,1
,,1
,,1
,,1
,,1
,,1
,,1
,,1
,,1
,,1
,,1
,,1
,,1
,,1
,,1
,,1
,,1
,,1
,,1
,,1
,,1
,,1
,,1
,,1
,,1
,,1
,,1
,,1
,,1
,,1
,,1
,,1
,,1
,,1
,,1
,,1
,,1
,,1
,,1
,,1
,,1
,,1
,,1
,,1
,,1
,,1
,,1
,,1
,,1
,,1
,,1
,,1
,,1
,,1
,,1
,,1
,,1
,,1
,,1
,,1
,,1
,,1
,,1
,,1
,,1
,,1
,,1
,,1
,,1
,,1
,,1
,,1
,,1
,,1
,,1
,,1
,,1
,,1
,,1
,,1
,,1
,,1
,,1
,,1
,,1
,,1
,,1
,,1
,,1
,,1
,,1
,,1
,,1
,,1
,,1
,,1
,,1
,,1
,,1
,,1
,,1
,,1
,,1
,,1
,,1
,,1
,,1
,,1
,,1
,,1
,,1
,,1
,,1
,,1
,,1
,,1
,,1
,,1
,,1
,,1
,,1
,,1
,,1
,,1
,,1
,,1
,,1
,,1
,,1
,,1
,,1
,,1
,,1
,,1
,,1
,,1
,,1
,,1
,,1
,,1
,,1
,,1
,,1
,,1
,,1
,,1
,,1
,,1
,,1
,,1
,,1
,,1
,,1
,,1
,,1
,,1
,,1
,,1
,,1
,,1
,,1
,,1
,,1
,,1
,,1
,,1
,,1
,,1
,,1
,,1
,,1
,,1
,,1
,,1
,,1
,,1
,,1
,,1
,,1
,,1
,,1
,,1
,,1
,,1
,,1
,,1
,,1
,,1
,,1
,,1
,,1
,,1
,,1
,,1
,,1
,,1
,,1
,,1
,,1
,,1
,,1
,,1
,,1
,,1
,,1
,,1
,,1
,,1
,,1
,,1
,,1
,,1
,,1
,,1
,,1
,,1
,,1
,,1
,,1
,,1
,,1
,,1
,,1
,,1
,,1
,,1
,,1
,,1
,,1
,,1
,,1
,,1
,,1
,,1
,,1
,,1
,,1
,,1
,,1
,,1
,,1
,,1
,,1
,,1
,,1
,,1
,,1
,,1
,,1
,,1
,,1
,,1
,,1
,,1
,,1
,,1
,,1
,,1
,,1
,,1
,,1
,,1
,,1
,,1
,,1
,,1
,,1
,,1
,,1
,,1
,,1
,,1
,,1
,,1
,,1
,,1
,,1
,,1
,,1
,,1
,,1
,,1
,,1
,,1
,,1
,,1
,,1
,,1
,,1
,,1
,,1
,,1
,,1
,,1
,,1
,,1
,,1
,,1
,,1
,,1
,,1
,,1
,,1
,,1
,,1
,,1
,,1
,,1
,,1
,,1
,,1
,,1
,,1
,,1
,,1
,,1
,,1
,,1
,,1
,,1
,,1
,,1
,,1
,,1
,,1
,,1
,,1
,,1
,,1
,,1
,,1
,,1
,,1
,,1
,,1
,,1
,,1
,,1
,,1
,,1
,,1
,,1
,,1
,,1
,,1
,,1
,,1
,,1
,,1
,,1
,,1
,,1
,,1
,,1
,,1
,,1
,,1
,,1
,,1
,,1
,,1
,,1
,,1
,,1
,,1
,,1
,,1
,,1
,,1
,,1
,,1
,,1
,,1
,,1
,,1
,,1
,,1
,,1
,,1
,,1
,,1
,,1
,,1
,,1
,,1
,,1
,,1
,,1
,,1
,,1
,,1
,,1
,,1
,,1
,,1
,,1
,,1
,,1
,,1
,,1
,,1
,,1
,,1
,,1
,,1
,,1
,,1
,,1
,,1
,,1
,,1
,,1
,,1
,,1
,,1
,,1
,,1
,,1
,,1
,,1
,,1
,,1
,,1
,,1
,,1
,,1
,,1
,,1
,,1
,,1
,,1
,,1
,,1
,,1
,,1
,,1
,,1
,,1
,,1
,,1
,,1
,,1
,,1
,,1
,,1
,,1
,,1
,,1
,,1
,,1
,,1
,,1
,,1
,,1
,,1
,,1
,,1
,,1
,,1
,,1
,,1
,,1
,,1
,,1
,,1
,,1
,,1
,,1
,,1
,,1
,,1
,,1
,,1
,,1
,,1
,,1
,,1
,,1
,,1
,,1
,,1
,,1
,,1
,,1
,,1
,,1
,,1
,,1
,,1
,,1
,,1
,,1
,,1
,,1
,,1
,,1
,,1
,,1
,,1
,,1
,,1
,,1
,,1
,,1
,,1
,,1
,,1
,,1
,,1
,,1
,,1
,,1
,,1
,,1
,,1
,,1
,,1
,,1
,,1
,,1
,,1
,,1
,,1
,,1
,,1
,,1
,,1
,,1
,,1
,,1
,,1
,,1
,,1
,,1
,,1
,,1
,,1
,,1
,,1
,,1
,,1
,,1
,,1
,,1
,,1
,,1
,,1
,,1
,,1
,,1
,,1
,,1
,,1
,,1
,,1
,,1
,,1
,,1
,,1
,,1
,,1
,,1
,,1
,,1
,,1
,,1
,,1
,,1
,,1
,,1
,,1
,,1
,,1
,,1
,,1
,,1
,,1
,,1
,,1
,,1
,,1
,,1
,,1
,,1
,,1
,,1
,,1
,,1
,,1
,,1
,,1
,,1
,,1
,,1
,,1
,,1
,,1
,,1
,,1
,,1
,,1
,,1
,,1
,,1
,,1
,,1
,,1
,,1
,,1
,,1
,,1
,,1
,,1
,,1
,,1
,,1
,,1
,,1
,,1
,,1
,,1
,,1
,,1
,,1
,,1
,,1
,,1
,,1
,,1
,,1
,,1
,,1
,,1
,,1
,,1
,,1
,,1
,,1
,,1
,,1
,,1
,,1
,,1
,,1
,,1
,,1
,,1
,,1
,,1
,,1
,,1
,,1
,,1
,,1
,,1
,,1
,,1
,,1
,,1
,,1
,,1
,,1
,,1
,,1
,,1
,,1
,,1
,,1
,,1
,,1
,,1
,,1
,,1
,,1
,,1
,,1
,,1
,,1
,,1
,,1
,,1
,,1
,,1
,,1
,,1
,,1
,,1
,,1
,,1
,,1
,,1
,,1
,,1
,,1
,,1
,,1
,,1
,,1
,,1
,,1
,,1
,,1
,,1
,,1
,,1
,,1
,,1
,,1
,,1
,,1
,,1
,,1
,,1
,,1
,,1
,,1
,,1
,,1
,,1
,,1
,,1
,,1
,,1
,,1
,,1
,,1
,,1
,,1
,,1
,,1
,,1
,,1
,,1
,,1
,,1
,,1
,,1
,,1
,,1
,,1
,,1
,,1
,,1
,,1
,,1
,,1
,,1
,,1
,,1
,,1
,,1
,,1
,,1
,,1
,,1
,,1
,,1
,,1
,,1
,,1
,,1
,,1
,,1
,,1
,,1
,,1
,,1
,,1
,,1
,,1
,,1
,,1
,,1
,,1
,,1
,,1
,,1
,,1
,,1
,,1
,,1
,,1
,,1
,,1
,,1
,,1
,,1
,,1
,,1
,,1
,,1
,,1
,,1
,,1
,,1
,,1
,,1
,,1
,,1
,,1
,,1
,,1
,,1
,,1
,,1
,,1
,,1
,,1
,,1
,,1
,,1
,,1
,,1
,,1
,,1
,,1
,,1
,,1
,,1
,,1
,,1
,,1
,,1
,,1
,,1
,,1
,,1
,,1
,,1
,,1
,,1
,,1
,,1
,,1
,,1
,,1
,,1
,,1
,,1
,,1
,,1
,,1
,,1
,,1
,,1
,,1
,,1
,,1
,,1
,,1
,,1
,,1
,,1
,,1
,,1
,,1
,,1
,,1
,,1
,,1
,,1
,,1
,,1
,,1
,,1
,,1
,,1
,,1
,,1
,,1
,,1
,,1
,,1
,,1
,,1
,,1
,,1
,,1
,,1
,,1
,,1
,,1
,,1
,,1
,,1
,,1
,,1
,,1
,,1
,,1
,,1
,,1
,,1
,,1
,,1
,,1
,,1
,,1
,,1
,,1
,,1
,,1
,,1
,,1
,,1
,,1
,,1
,,1
,,1
,,1
,,1
,,1
,,1
,,1
,,1
,,1
,,1
,,1
,,1
,,1
,,1
,,1
,,1
,,1
,,1
,,1
,,1
,,1
,,1
,,1
,,1
,,1
,,1
,,1
,,1
,,1
,,1
,,1
,,1
,,1
,,1
,,1
,,1
,,1
,,1
,,1
,,1
,,1
,,1
,,1
,,1
,,1
,,1
,,1
,,1
,,1
,,1
,,1
,,1
,,1
,,1
,,1
,,1
,,1
,,1
,,1
,,1
,,1
,,1
,,1
,,1
,,1
,,1
,,1
,,1
,,1
,,1
,,1
,,1
,,1
,,1
,,1
,,1
,,1
,,1
,,1
,,1
,,1
,,1
,,1
,,1
,,1
,,1
,,1
,,1
,,1
,,1
,,1
,,1
,,1
,,1
,,1
,,1
,,1
,,1
,,1
,,1
,,1
,,1
,,1
,,1
,,1
,,1
,,1
,,1
,,1
,,1
,,1
,,1
,,1
,,1
,,1
,,1
,,1
,,1
,,1
,,1
,,1
,,1
,,1
,,1
,,1
,,1
,,1
,,1
,,1
,,1
,,1
,,1
,,1
,,1
,,1
,,1
,,1
,,1
,,1
,,1
,,1
,,1
,,1
,,1
,,1
,,1
,,1
,,1
,,1
,,1
,,1
,,1
,,1
,,1
,,1
,,1
,,1
,,1
,,1
,,1
,,1
,,1
,,1
,,1
,,1
,,1
,,1
,,1
,,1
,,1
,,1
,,1
,,1
,,1
,,1
,,1
,,1
,,1
,,1
,,1
,,1
,,1
,,1
,,1
,,1
,,1
,,1
,,1
,,1
,,1
,,1
,,1
,,1
,,1
,,1
,,1
,,1
,,1
,,1
,,1
,,1
,,1
,,1
,,1
,,1
,,1
,,1
,,1
,,1
,,1
,,1
,,1
,,1
,,1
,,1
,,1
,,1
,,1
,,1
,,1
,,1
,,1
,,1
,,1
,,1
,,1
,,1
,,1
,,1
,,1
,,1
,,1
,,1
,,1
,,1
,,1
,,1
,,1
,,1
,,1
,,1
,,1
,,1
,,1
,,1
,,1
,,1
,,1
,,1
,,1
,,1
,,1
,,1
,,1
,,1
,,1
,,1
,,1
,,1
,,1
,,1
,,1
,,1
,,1
,,1
,,1
,,1
,,1
,,1
,,1
,,1
,,1
,,1
,,1
,,1
,,1
,,1
,,1
,,1
,,1
,,1
,,1
,,1
,,1
,,1
,,1
,,1
,,1
,,1
,,1
,,1
,,1
,,1
,,1
,,1
,,1
,,1
,,1
,,1
,,1
,,1
,,1
,,1
,,1
,,1
,,1
,,1
,,1
,,1
,,1
,,1
,,1
,,1
,,1
,,1
,,1
,,1
,,1
,,1
,,1
,,1
,,1
,,1
,,1
,,1
,,1
,,1
,,1
,,1
,,1
,,1
,,1
,,1
,,1
,,1
,,1
,,1
,,1
,,1
,,1
,,1
,,1
,,1
,,1
,,1
,,1
,,1
,,1
,,1
,,1
,,1
,,1
,,1
,,1
,,1
,,1
,,1
,,1
,,1
,,1
,,1
,,1
,,1
,,1
,,1
,,1
,,1
,,1
,,1
,,1
,,1
,,1
,,1
,,1
,,1
,,1
,,1
,,1
,,1
,,1
,,1
,,1
,,1
,,1
,,1
,,1
,,1
,,1
,,1
,,1
,,1
,,1
,,1
,,1
,,1
,,1
,,1
,,1
,,1
,,1
,,1
,,1
,,1
,,1
,,1
,,1
,,1
,,1
,,1
,,1
,,1
,,1
,,1
,,1
,,1
,,1
,,1
,,1
,,1
,,1
,,1
,,1
,,1
,,1
,,1
,,1
,,1
,,1
,,1
,,1
,,1
,,1
,,1
,,1
,,1
,,1
,,1
,,1
,,1
,,1
,,1
,,1
,,1
,,1
,,1
,,1
,,1
,,1
,,1
,,1
,,1
,,1
,,1
,,1
,,1
,,1
,,1
,,1
,,1
,,1
,,1
,,1
,,1
,,1
,,1
,,1
,,1
,,1
,,1
,,1
,,1
,,1
,,1
,,1
,,1
,,1
,,1
,,1
,,1
,,1
,,1
,,1
,,1
,,1
,,1
,,1
,,1
,,1
,,1
,,1
,,1
,,1
,,1
,,1
,,1
,,1
,,1
,,1
,,1
,,1
,,1
,,1
,,1
,,1
,,1
,,1
,,1
,,1
,,1
,,1
,,1
,,1
,,1
,,1
,,1
,,1
,,1
,,1
,,1
,,1
,,1
,,1
,,1
,,1
,,1
,,1
,,1
,,1
,,1
,,1
,,1
,,1
,,1
,,1
,,1
,,1
,,1
,,1
,,1
,,1
,,1
,,1
,,1
,,1
,,1
,,1
,,1
,,1
,,1
,,1
,,1
,,1
,,1
,,1
,,1
,,1
,,1
,,1
,,1
,,1
,,1
,,1
,,1
,,1
,,1
,,1
,,1
,,1
,,1
,,1
,,1
,,1
,,1
,,1
,,1
,,1
,,1
,,1
,,1
,,1
,,1
,,1
,,1
,,1
,,1
,,1
,,1
,,1
,,1
,,1
,,1
,,1
,,1
,,1
,,1
,,1
,,1
,,1
,,1
,,1
,,1
,,1
,,1
,,1
,,1
,,1
,,1
,,1
,,1
,,1
,,1
,,1
,,1
,,1
,,1
,,1
,,1
,,1
,,1
,,1
,,1
,,1
,,1
,,1
,,1
,,1
,,1
,,1
,,1
,,1
,,1
,,1
,,1
,,1
,,1
,,1
,,1
,,1
,,1
,,1
,,1
,,1
,,1
,,1
,,1
,,1
,,1
,,1
,,1
,,1
,,1
,,1
,,1
,,1
,,1
,,1
,,1
,,1
,,1
,,1
,,1
,,1
,,1
,,1
,,1
,,1
,,1
,,1
,,1
,,1
,,1
,,1
,,1
,,1
,,1
,,1
,,1
,,1
,,1
,,1
,,1
,,1
,,1
,,1
,,1
,,1
,,1
,,1
,,1
,,1
,,1
,,1
,,1
,,1
,,1
,,1
,,1
,,1
,,1
,,1
,,1
,,1
,,1
,,1
,,1
,,1
,,1
,,1
,,1
,,1
,,1
,,1
,,1
,,1
,,1
,,1
,,1
,,1
,,1
,,1
,,1
,,1
,,1
,,1
,,1
,,1
,,1
,,1
,,1
,,1
,,1
,,1
,,1
,,1
,,1
,,1
,,1
,,1
,,1
,,1
,,1
,,1
,,1
,,1
,,1
,,1
,,1
,,1
,,1
,,1
,,1
,,1
,,1
,,1
,,1
,,1
,,1
,,1
,,1
,,1
,,1
,,1
,,1
,,1
,,1
,,1
,,1
,,1
,,1
,,1
,,1
,,1
,,1
,,1
,,1
,,1
,,1
,,1
,,1
,,1
,,1
,,1
,,1
,,1
,,1
,,1
,,1
,,1
,,1
,,1
,,1
,,1
,,1
,,1
,,1
,,1
,,1
,,1
,,1
,,1
,,1
,,1
,,1
,,1
,,1
,,1
,,1
,,1
,,1
,,1
,,1
,,1
,,1
,,1
,,1
,,1
,,1
,,1
,,1
,,1
,,1
,,1
,,1
,,1
,,1
,,1
,,1
,,1
,,1
,,1
,,1
,,1
,,1
,,1
,,1
,,1
,,1
,,1
,,1
,,1
,,1
,,1
,,1
,,1
,,1
,,1
,,1
,,1
,,1
,,1
,,1
,,1
,,1
,,1
,,1
,,1
,,1
,,1
,,1
,,1
,,1
,,1
,,1
,,1
,,1
,,1
,,1
,,1
,,1
,,1
,,1
,,1
,,1
,,1
,,1
,,1
,,1
,,1
,,1
,,1
,,1
,,1
,,1
,,1
,,1
,,1
,,1
,,1
,,1
,,1
,,1
,,1
,,1
,,1
,,1
,,1
,,1
,,1
,,1
,,1
,,1
,,1
,,1
,,1
,,1
,,1
,,1
,,1
,,1
,,1
,,1
,,1
,,1
,,1
,,1
,,1
,,1
,,1
,,1
,,1
,,1
,,1
,,1
,,1
,,1
,,1
,,1
,,1
,,1
,,1
,,1
,,1
,,1
,,1
,,1
,,1
,,1
,,1
,,1
,,1
,,1
,,1
,,1
,,1
,,1
,,1
,,1
,,1
,,1
,,1
,,1
,,1
,,1
,,1
,,1
,,1
,,1
,,1
,,1
,,1
,,1
,,1
,,1
,,1
,,1
,,1
,,1
,,1
,,1
,,1
,,1
,,1
,,1
,,1
,,1
,,1
,,1
,,1
,,1
,,1
,,1
,,1
,,1
,,1
,,1
,,1
,,1
,,1
,,1
,,1
,,1
,,1
,,1
,,1
,,1
,,1
,,1
,,1
,,1
,,1
,,1
,,1
,,1
,,1
,,1
,,1
,,1
,,1
,,1
,,1
,,1
,,1
,,1
,,1
,,1
,,1
,,1
,,1
,,1
,,1
,,1
,,1
,,1
,,1
,,1
,,1
,,1
,,1
,,1
,,1
,,1
,,1
,,1
,,1
,,1
,,1
,,1
,,1
,,1
,,1
,,1
,,1
,,1
,,1
,,1
,,1
,,1
,,1
,,1
,,1
,,1
,,1
,,1
,,1
,,1
,,1
,,1
,,1
,,1
,,1
,,1
,,1
,,1
,,1
,,1
,,1
,,1
,,1
,,1
,,1
,,1
,,1
,,1
,,1
,,1
,,1
,,1
,,1
,,1
,,1
,,1
,,1
,,1
,,1
,,1
,,1
,,1
,,1
,,1
,,1
,,1
,,1
,,1
,,1
,,1
,,1
,,1
,,1
,,1
,,1
,,1
,,1
,,1
,,1
,,1
,,1
,,1
,,1
,,1
,,1
,,1
,,1
,,1
,,1
,,1
,,1
,,1
,,1
,,1
,,1
,,1
,,1
,,1
,,1
,,1
,,1
,,1
,,1
,,1
,,1
,,1
,,1
,,1
,,1
,,1
,,1
,,1
,,1
,,1
,,1
,,1
,,1
,,1
,,1
,,1
,,1
,,1
,,1
,,1
,,1
,,1
,,1
,,1
,,1
,,1
,,1
,,1
,,1
,,1
,,1
,,1
,,1
,,1
,,1
,,1
,,1
,,1
,,1
,,1
,,1
,,1
,,1
,,1
,,1
,,1
,,1
,,1
,,1
,,1
,,1
,,1
,,1
,,1
,,1
,,1
,,1
,,1
,,1
,,1
,,1
,,1
,,1
,,1
,,1
,,1
,,1
,,1
,,1
,,1
,,1
,,1
,,1
,,1
,,1
,,1
,,1
,,1
,,1
,,1
,,1
,,1
,,1
,,1
,,1
,,1
,,1
,,1
,,1
,,1
,,1
,,1
,,1
,,1
,,1
,,1
,,1
,,1
,,1
,,1
,,1
,,1
,,1
,,1
,,1
,,1
,,1
,,1
,,1
,,1
,,1
,,1
,,1
,,1
,,1
,,1
,,1
,,1
,,1
,,1
,,1
,,1
,,1
,,1
,,1
,,1
,,1
,,1
,,1
,,1
,,1
,,1
,,1
,,1
,,1
,,1
,,1
,,1
,,1
,,1
,,1
,,1
,,1
,,1
,,1
,,1
,,1
,,1
,,1
,,1
,,1
,,1
,,1
,,1
,,1
,,1
,,1
,,1
,,1
,,1
,,1
,,1
,,1
,,1
,,1
,,1
,,1
,,1
,,1
,,1
,,1
,,1
,,1
,,1
,,1
,,1
,,1
,,1
,,1
,,1
,,1
,,1
,,1
,,1
,,1
,,1
,,1
,,1
,,1
,,1
,,1
,,1
,,1
,,1
,,1
,,1
,,1
,,1
,,1
,,1
,,1
,,1
,,1
,,1
,,1
,,1
,,1
,,1
,,1
,,1
,,1
,,1
,,1
,,1
,,1
,,1
,,1
,,1
,,1
,,1
,,1
,,1
,,1
,,1
,,1
,,1
,,1
,,1
,,1
,,1
,,1
,,1
,,1
,,1
,,1
,,1
,,1
,,1
,,1
,,1
,,1
,,1
,,1
,,1
,,1
,,1
,,1
,,1
,,1
,,1
,,1
,,1
,,1
,,1
,,1
,,1
,,1
,,1
,,1
,,1
,,1
,,1
,,1
,,1
,,1
,,1
,,1
,,1
,,1
,,1
,,1
,,1
,,1
,,1
,,1
,,1
,,1
,,1
,,1
,,1
,,1
,,1
,,1
,,1
,,1
,,1
,,1
,,1
,,1
,,1
,,1
,,1
,,1
,,1
,,1
,,1
,,1
,,1
,,1
,,1
,,1
,,1
,,1
,,1
,,1
,,1
,,1
,,1
,,1
,,1
,,1
,,1
,,1
,,1
,,1
,,1
,,1
,,1
,,1
,,1
,,1
,,1
,,1
,,1
,,1
,,1
,,1
,,1
,,1
,,1
,,1
,,1
,,1
,,1
,,1
,,1
,,1
,,1
,,1
,,1
,,1
,,1
,,1
,,1
,,1
,,1
,,1
,,1
,,1
,,1
,,1
,,1
,,1
,,1
,,1
,,1
,,1
,,1
,,1
,,1
,,1
,,1
,,1
,,1
,,1
,,1
,,1
,,1
,,1
,,1
,,1
,,1
,,1
,,1
,,1
,,1
,,1
,,1
,,1
,,1
,,1
,,1
,,1
,,1
,,1
,,1
,,1
,,1
,,1
,,1
,,1
,,1
,,1
,,1
,,1
,,1
,,1
,,1
,,1
,,1
,,1
,,1
,,1
,,1
,,1
,,1
,,1
,,1
,,1
,,1
,,1
,,1
,,1
,,1
,,1
,,1
,,1
,,1
,,1
,,1
,,1
,,1
,,1
,,1
,,1
,,1
,,1
,,1
,,1
,,1
,,1
,,1
,,1
,,1
,,1
,,1
,,1
,,1
,,1
,,1
,,1
,,1
,,1
,,1
,,1
,,1
,,1
,,1
,,1
,,1
,,1
,,1
,,1
,,1
,,1
,,1
,,1
,,1
,,1
,,1
,,1
,,1
,,1
,,1
,,1
,,1
,,1
,,1
,,1
,,1
,,1
,,1
,,1
,,1
,,1
,,1
,,1
,,1
,,1
,,1
,,1
,,1
,,1
,,1
,,1
,,1
,,1
,,1
,,1
,,1
,,1
,,1
,,1
,,1
,,1
,,1
,,1
,,1
,,1
,,1
,,1
,,1
,,1
,,1
,,1
,,1
,,1
,,1
,,1
,,1
,,1
,,1
,,1
,,1
,,1
,,1
,,1
,,1
,,1
,,1
,,1
,,1
,,1
,,1
,,1
,,1
,,1
,,1
,,1
,,1
,,1
,,1
,,1
,,1
,,1
,,1
,,1
,,1
,,1
,,1
,,1
,,1
,,1
,,1
,,1
,,1
,,1
,,1
,,1
,,1
,,1
,,1
,,1
,,1
,,1
,,1
,,1
,,1
,,1
,,1
,,1
,,1
,,1
,,1
,,1
,,1
,,1
,,1
,,1
,,1
,,1
,,1
,,1
,,1
,,1
,,1
,,1
,,1
,,1
,,1
,,1
,,1
,,1
,,1
,,1
,,1
,,1
,,1
,,1
,,1
,,1
,,1
,,1
,,1
,,1
,,1
,,1
,,1
,,1
,,1
,,1
,,1
,,1
,,1
,,1
,,1
,,1
,,1
,,1
,,1
,,1
,,1
,,1
,,1
,,1
,,1
,,1
,,1
,,1
,,1
,,1
,,1
,,1
,,1
,,1
,,1
,,1
,,1
,,1
,,1
,,1
,,1
,,1
,,1
,,1
,,1
,,1
,,1
,,1
,,1
,,1
,,1
,,1
,,1
,,1
,,1
,,1
,,1
,,1
,,1
,,1
,,1
,,1
,,1
,,1
,,1
,,1
,,1
,,1
,,1
,,1
,,1
,,1
,,1
,,1
,,1
,,1
,,1
,,1
,,1
,,1
,,1
,,1
,,1
,,1
,,1
,,1
,,1
,,1
,,1
,,1
,,1
,,1
,,1
,,1
,,1
,,1
,,1
,,1
,,1
,,1
,,1
,,1
,,1
,,1
,,1
,,1
,,1
,,1
,,1
,,1
,,1
,,1
,,1
,,1
,,1
,,1
,,1
,,1
,,1
,,1
,,1
,,1
,,1
,,1
,,1
,,1
,,1
,,1
,,1
,,1
,,1
,,1
,,1
,,1
,,1
,,1
,,1
,,1
,,1
,,1
,,1
,,1
,,1
,,1
,,1
,,1
,,1
,,1
,,1
,,1
,,1
,,1
,,1
,,1
,,1
,,1
,,1
,,1
,,1
,,1
,,1
,,1
,,1
,,1
,,1
,,1
,,1
,,1
,,1
,,1
,,1
,,1
,,1
,,1
,,1
,,1
,,1
,,1
,,1
,,1
,,1
,,1
,,1
,,1
,,1
,,1
,,1
,,1
,,1
,,1
,,1
,,1
,,1
,,1
,,1
,,1
,,1
,,1
,,1
,,1
,,1
,,1
,,1
,,1
,,1
,,1
,,1
,,1
,,1
,,1
,,1
,,1
,,1
,,1
,,1
,,1
,,1
,,1
,,1
,,1
,,1
,,1
,,1
,,1
,,1
,,1
,,1
,,1
,,1
,,1
,,1
,,1
,,1
,,1
,,1
,,1
,,1
,,1
,,1
,,1
,,1
,,1
,,1
,,1
,,1
,,1
,,1
,,1
,,1
,,1
,,1
,,1
,,1
,,1
,,1
,,1
,,1
,,1
,,1
,,1
,,1
,,1
,,1
,,1
,,1
,,1
,,1
,,1
,,1
,,1
,,1
,,1
,,1
,,1
,,1
,,1
,,1
,,1
,,1
,,1
,,1
,,1
,,1
,,1
,,1
,,1
,,1
,,1
,,1
,,1
,,1
,,1
,,1
,,1
,,1
,,1
,,1
,,1
,,1
,,1
,,1
,,1
,,1
,,1
,,1
,,1
,,1
,,1
,,1
,,1
,,1
,,1
,,1
,,1
,,1
,,1
,,1
,,1
,,1
,,1
,,1
,,1
,,1
,,1
,,1
,,1
,,1
,,1
,,1
,,1
,,1
,,1
,,1
,,1
,,1
,,1
,,1
,,1
,,1
,,1
,,1
,,1
,,1
,,1
,,1
,,1
,,1
,,1
,,1
,,1
,,1
,,1
,,1
,,1
,,1
,,1
,,1
,,1
,,1
,,1
,,1
,,1
,,1
,,1
,,1
,,1
,,1
,,1
,,1
,,1
,,1
,,1
,,1
,,1
,,1
,,1
,,1
,,1
,,1
,,1
,,1
,,1
,,1
,,1
,,1
,,1
,,1
,,1
,,1
,,1
,,1
,,1
,,1
,,1
,,1
,,1
,,1
,,1
,,1
,,1
,,1
,,1
,,1
,,1
,,1
,,1
,,1
,,1
,,1
,,1
,,1
,,1
,,1
,,1
,,1
,,1
,,1
,,1
,,1
,,1
,,1
,,1
,,1
,,1
,,1
,,1
,,1
,,1
,,1
,,1
,,1
,,1
,,1
,,1
,,1
,,1
,,1
,,1
,,1
,,1
,,1
,,1
,,1
,,1
,,1
,,1
,,1
,,1
,,1
,,1
,,1
,,1
,,1
,,1
,,1
,,1
,,1
,,1
,,1
,,1
,,1
,,1
,,1
,,1
,,1
,,1
,,1
,,1
,,1
,,1
,,1
,,1
,,1
,,1
,,1
,,1
,,1
,,1
,,1
,,1
,,1
,,1
,,1
,,1
,,1
,,1
,,1
,,1
,,1
,,1
,,1
,,1
,,1
,,1
,,1
,,1
,,1
,,1
,,1
,,1
,,1
,,1
,,1
,,1
,,1
,,1
,,1
,,1
,,1
,,1
,,1
,,1
,,1
,,1
,,1
,,1
,,1
,,1
,,1
,,1
,,1
,,1
,,1
,,1
,,1
,,1
,,1
,,1
,,1
,,1
,,1
,,1
,,1
,,1
,,1
,,1
,,1
,,1
,,1
,,1
,,1
,,1
,,1
,,1
,,1
,,1
,,1
,,1
,,1
,,1
,,1
,,1
,,1
,,1
,,1
,,1
,,1
,,1
,,1
,,1
,,1
,,1
,,1
,,1
,,1
,,1
,,1
,,1
,,1
,,1
,,1
,,1
,,1
,,1
,,1
,,1
,,1
,,1
,,1
,,1
,,1
,,1
,,1
,,1
,,1
,,1
,,1
,,1
,,1
,,1
,,1
,,1
,,1
,,1
,,1
,,1
,,1
,,1
,,1
,,1
,,1
,,1
,,1
,,1
,,1
,,1
,,1
,,1
,,1
,,1
,,1
,,1
,,1
,,1
,,1
,,1
,,1
,,1
,,1
,,1
,,1
,,1
,,1
,,1
,,1
,,1
,,1
,,1
,,1
,,1
,,1
,,1
,,1
,,1
,,1
,,1
,,1
,,1
,,1
,,1
,,1
,,1
,,1
,,1
,,1
,,1
,,1
,,1
,,1
,,1
,,1
,,1
,,1
,,1
,,1
,,1
,,1
,,1
,,1
,,1
,,1
,,1
,,1
,,1
,,1
,,1
,,1
,,1
,,1
,,1
,,1
,,1
,,1
,,1
,,1
,,1
,,1
,,1
,,1
,,1
,,1
,,1
,,1
,,1
,,1
,,1
,,1
,,1
,,1
,,1
,,1
,,1
,,1
,,1
,,1
,,1
,,1
,,1
,,1
,,1
,,1
,,1
,,1
,,1
,,1
,,1
,,1
,,1
,,1
,,1
,,1
,,1
,,1
,,1
,,1
,,1
,,1
,,1
,,1
,,1
,,1
,,1
,,1
,,1
,,1
,,1
,,1
,,1
,,1
,,1
,,1
,,1
,,1
,,1
,,1
,,1
,,1
,,1
,,1
,,1
,,1
,,1
,,1
,,1
,,1
,,1
,,1
,,1
,,1
,,1
,,1
,,1
,,1
,,1
,,1
,,1
,,1
,,1
,,1
,,1
,,1
,,1
,,1
,,1
,,1
,,1
,,1
,,1
,,1
,,1
,,1
,,1
,,1
,,1
,,1
,,1
,,1
,,1
,,1
,,1
,,1
,,1
,,1
,,1
,,1
,,1
,,1
,,1
,,1
,,1
,,1
,,1
,,1
,,1
,,1
,,1
,,1
,,1
,,1
,,1
,,1
,,1
,,1
,,1
,,1
,,1
,,1
,,1
,,1
,,1
,,1
,,1
,,1
,,1
,,1
,,1
,,1
,,1
,,1
,,1
,,1
,,1
,,1
,,1
,,1
,,1
,,1
,,1
,,1
,,1
,,1
,,1
,,1
,,1
,,1
,,1
,,1
,,1
,,1
,,1
,,1
,,1
,,1
,,1
,,1
,,1
,,1
,,1
,,1
,,1
,,1
,,1
,,1
,,1
,,1
,,1
,,1
,,1
,,1
,,1
,,1
,,1
,,1
,,1
,,1
,,1
,,1
,,1
,,1
,,1
,,1
,,1
,,1
,,1
,,1
,,1
,,1
,,1
,,1
,,1
,,1
,,1
,,1
,,1
,,1
,,1
,,1
,,1
,,1
,,1
,,1
,,1
,,1
,,1
,,1
,,1
,,1
,,1
,,1
,,1
,,1
,,1
,,1
,,1
,,1
,,1
,,1
,,1
,,1
,,1
,,1
,,1
,,1
,,1
,,1
,,1
,,1
,,1
,,1
,,1
,,1
,,1
,,1
,,1
,,1
,,1
,,1
,,1
,,1
,,1
,,1
,,1
,,1
,,1
,,1
,,1
,,1
,,1
,,1
,,1
,,1
,,1
,,1
,,1
,,1
,,1
,,1
,,1
,,1
,,1
,,1
,,1
,,1
,,1
,,1
,,1
,,1
,,1
,,1
,,1
,,1
,,1
,,1
,,1
,,1
,,1
,,1
,,1
,,1
,,1
,,1
,,1
,,1
,,1
,,1
,,1
,,1
,,1
,,1
,,1
,,1
,,1
,,1
,,1
,,1
,,1
,,1
,,1
,,1
,,1
,,1
,,1
,,1
,,1
,,1
,,1
,,1
,,1
,,1
,,1
,,1
,,1
,,1
,,1
,,1
,,1
,,1
,,1
,,1
,,1
,,1
,,1
,,1
,,1
,,1
,,1
,,1
,,1
,,1
,,1
,,1
,,1
,,1
,,1
,,1
,,1
,,1
,,1
,,1
,,1
,,1
,,1
,,1
,,1
,,1
,,1
,,1
,,1
,,1
,,1
,,1
,,1
,,1
,,1
,,1
,,1
,,1
,,1
,,1
,,1
,,1
,,1
,,1
,,1
,,1
,,1
,,1
,,1
,,1
,,1
,,1
,,1
,,1
,,1
,,1
,,1
,,1
,,1
,,1
,,1
,,1
,,1
,,1
,,1
,,1
,,1
,,1
,,1
,,1
,,1
,,1
,,1
,,1
,,1
,,1
,,1
,,1
,,1
,,1
,,1
,,1
,,1
,,1
,,1
,,1
,,1
,,1
,,1
,,1
,,1
,,1
,,1
,,1
,,1
,,1
,,1
,,1
,,1
,,1
,,1
,,1
,,1
,,1
,,1
,,1
,,1
,,1
,,1
,,1
,,1
,,1
,,1
,,1
,,1
,,1
,,1
,,1
,,1
,,1
,,1
,,1
,,1
,,1
,,1
,,1
,,1
,,1
,,1
,,1
,,1
,,1
,,1
,,1
,,1
,,1
,,1
,,1
,,1
,,1
,,1
,,1
,,1
,,1
,,1
,,1
,,1
,,1
,,1
,,1
,,1
,,1
,,1
,,1
,,1
,,1
,,1
,,1
,,1
,,1
,,1
,,1
,,1
,,1
,,1
,,1
,,1
,,1
,,1
,,1
,,1
,,1
,,1
,,1
,,1
,,1
,,1
,,1
,,1
,,1
,,1
,,1
,,1
,,1
,,1
,,1
,,1
,,1
,,1
,,1
,,1
,,1
,,1
,,1
,,1
,,1
,,1
,,1
,,1
,,1
,,1
,,1
,,1
,,1
,,1
,,1
,,1
,,1
,,1
,,1
,,1
,,1
,,1
,,1
,,1
,,1
,,1
,,1
,,1
,,1
,,1
,,1
,,1
,,1
,,1
,,1
,,1
,,1
,,1
,,1
,,1
,,1
,,1
,,1
,,1
,,1
,,1
,,1
,,1
,,1
,,1
,,1
,,1
,,1
,,1
,,1
,,1
,,1
,,1
,,1
,,1
,,1
,,1
,,1
,,1
,,1
,,1
,,1
,,1
,,1
,,1
,,1
,,1
,,1
,,1
,,1
,,1
,,1
,,1
,,1
,,1
,,1
,,1
,,1
,,1
,,1
,,1
,,1
,,1
,,1
,,1
,,1
,,1
,,1
,,1
,,1
,,1
,,1
,,1
,,1
,,1
,,1
,,1
,,1
,,1
,,1
,,1
,,1
,,1
,,1
,,1
,,1
,,1
,,1
,,1
,,1
,,1
,,1
,,1
,,1
,,1
,,1
,,1
,,1
,,1
,,1
,,1
,,1
,,1
,,1
,,1
,,1
,,1
,,1
,,1
,,1
,,1
,,1
,,1
,,1
,,1
,,1
,,1
,,1
,,1
,,1
,,1
,,1
,,1
,,1
,,1
,,1
,,1
,,1
,,1
,,1
,,1
,,1
,,1
,,1
,,1
,,1
,,1
,,1
,,1
,,1
,,1
,,1
,,1
,,1
,,1
,,1
,,1
,,1
,,1
,,1
,,1
,,1
,,1
,,1
,,1
,,1
,,1
,,1
,,1
,,1
,,1
,,1
,,1
,,1
,,1
,,1
,,1
,,1
,,1
,,1
,,1
,,1
,,1
,,1
,,1
,,1
,,1
,,1
,,1
,,1
,,1
,,1
,,1
,,1
,,1
,,1
,,1
,,1
,,1
,,1
,,1
,,1
,,1
,,1
,,1
,,1
,,1
,,1
,,1
,,1
,,1
,,1
,,1
,,1
,,1
,,1
,,1
,,1
,,1
,,1
,,1
,,1
,,1
,,1
,,1
,,1
,,1
,,1
,,1
,,1
,,1
,,1
,,1
,,1
,,1
,,1
,,1
,,1
,,1
,,1
,,1
,,1
,,1
,,1
,,1
,,1
,,1
,,1
,,1
,,1
,,1
,,1
,,1
,,1
,,1
,,1
,,1
,,1
,,1
,,1
,,1
,,1
,,1
,,1
,,1
,,1
,,1
,,1
,,1
,,1
,,1
,,1
,,1
,,1
,,1
,,1
,,1
,,1
,,1
,,1
,,1
,,1
,,1
,,1
,,1
,,1
,,1
,,1
,,1
,,1
,,1
,,1
,,1
,,1
,,1
,,1
,,1
,,1
,,1
,,1
,,1
,,1
,,1
,,1
,,1
,,1
,,1
,,1
,,1
,,1
,,1
,,1
,,1
,,1
,,1
,,1
,,1
,,1
,,1
,,1
,,1
,,1
,,1
,,1
,,1
,,1
,,1
,,1
,,1
,,1
,,1
,,1
,,1
,,1
,,1
,,1
,,1
,,1
,,1
,,1
,,1
,,1
,,1
,,1
,,1
,,1
,,1
,,1
,,1
,,1
,,1
,,1
,,1
,,1
,,1
,,1
,,1
,,1
,,1
,,1
,,1
,,1
,,1
,,1
,,1
,,1
,,1
,,1
,,1
,,1
,,1
,,1
,,1
,,1
,,1
,,1
,,1
,,1
,,1
,,1
,,1
,,1
,,1
,,1
,,1
,,1
,,1
,,1
,,1
,,1
,,1
,,1
,,1
,,1
,,1
,,1
,,1
,,1
,,1
,,1
,,1
,,1
,,1
,,1
,,1
,,1
,,1
,,1
,,1
,,1
,,1
,,1
,,1
,,1
,,1
,,1
,,1
,,1
,,1
,,1
,,1
,,1
,,1
,,1
,,1
,,1
,,1
,,1
,,1
,,1
,,1
,,1
,,1
,,1
,,1
,,1
,,1
,,1
,,1
,,1
,,1
,,1
,,1
,,1
,,1
,,1
,,1
,,1
,,1
,,1
,,1
,,1
,,1
,,1
,,1
,,1
,,1
,,1
,,1
,,1
,,1
,,1
,,1
,,1
,,1
,,1
,,1
,,1
,,1
,,1
,,1
,,1
,,1
,,1
,,1
,,1
,,1
,,1
,,1
,,1
,,1
,,1
,,1
,,1
,,1
,,1
,,1
,,1
,,1
,,1
,,1
,,1
,,1
,,1
,,1
,,1
,,1
,,1
,,1
,,1
,,1
,,1
,,1
,,1
,,1
,,1
,,1
,,1
,,1
,,1
,,1
,,1
,,1
,,1
,,1
,,1
,,1
,,1
,,1
,,1
,,1
,,1
,,1
,,1
,,1
,,1
,,1
,,1
,,1
,,1
,,1
,,1
,,1
,,1
,,1
,,1
,,1
,,1
,,1
,,1
,,1
,,1
,,1
,,1
,,1
,,1
,,1
,,1
,,1
,,1
,,1
,,1
,,1
,,1
,,1
,,1
,,1
,,1
,,1
,,1
,,1
,,1
,,1
,,1
,,1
,,1
,,1
,,1
,,1
,,1
,,1
,,1
,,1
,,1
,,1
,,1
,,1
,,1
,,1
,,1
,,1
,,1
,,1
,,1
,,1
,,1
,,1
,,1
,,1
,,1
,,1
,,1
,,1
,,1
,,1
,,1
,,1
,,1
,,1
,,1
,,1
,,1
,,1
,,1
,,1
,,1
,,1
,,1
,,1
,,1
,,1
,,1
,,1
,,1
,,1
,,1
,,1
,,1
,,1
,,1
,,1
,,1
,,1
,,1
,,1
,,1
,,1
,,1
,,1
,,1
,,1
,,1
,,1
,,1
,,1
,,1
,,1
,,1
,,1
,,1
,,1
,,1
,,1
,,1
,,1
,,1
,,1
,,1
,,1
,,1
,,1
,,1
,,1
,,1
,,1
,,1
,,1
,,1
,,1
,,1
,,1
,,1
,,1
,,1
,,1
,,1
,,1
,,1
,,1
,,1
,,1
,,1
,,1
,,1
,,1
,,1
,,1
,,1
,,1
,,1
,,1
,,1
,,1
,,1
,,1
,,1
,,1
,,1
,,1
,,1
,,1
,,1
,,1
,,1
,,1
,,1
,,1
,,1
,,1
,,1
,,1
,,1
,,1
,,1
,,1
,,1
,,1
,,1
,,1
,,1
,,1
,,1
,,1
,,1
,,1
,,1
,,1
,,1
,,1
,,1
,,1
,,1
,,1
,,1
,,1
,,1
,,1
,,1
,,1
,,1
,,1
,,1
,,1
,,1
,,1
,,1
,,1
,,1
,,1
,,1
,,1
,,1
,,1
,,1
,,1
,,1
,,1
,,1
,,1
,,1
,,1
,,1
,,1
,,1
,,1
,,1
,,1
,,1
,,1
,,1
,,1
,,1
,,1
,,1
,,1
,,1
,,1
,,1
,,1
,,1
,,1
,,1
,,1
,,1
,,1
,,1
,,1
,,1
,,1
,,1
,,1
,,1
,,1
,,1
,,1
,,1
,,1
,,1
,,1
,,1
,,1
,,1
,,1
,,1
,,1
,,1
,,1
,,1
,,1
,,1
,,1
,,1
,,1
,,1
,,1
,,1
,,1
,,1
,,1
,,1
,,1
,,1
,,1
,,1
,,1
,,1
,,1
,,1
,,1
,,1
,,1
,,1
,,1
,,1
,,1
,,1
,,1
,,1
,,1
,,1
,,1
,,1
,,1
,,1
,,1
,,1
,,1
,,1
,,1
,,1
,,1
,,1
,,1
,,1
,,1
,,1
,,1
,,1
,,1
,,1
,,1
,,1
,,1
,,1
,,1
,,1
,,1
,,1
,,1
,,1
,,1
,,1
,,1
,,1
,,1
,,1
,,1
,,1
,,1
,,1
,,1
,,1
,,1
,,1
,,1
,,1
,,1
,,1
,,1
,,1
,,1
,,1
,,1
,,1
,,1
,,1
,,1
,,1
,,1
,,1
,,1
,,1
,,1
,,1
,,1
,,1
,,1
,,1
,,1
,,1
,,1
,,1
,,1
,,1
,,1
,,1
,,1
,,1
,,1
,,1
,,1
,,1
,,1
,,1
,,1
,,1
,,1
,,1
,,1
,,1
,,1
,,1
,,1
,,1
,,1
,,1
,,1
,,1
,,1
,,1
,,1
,,1
,,1
,,1
,,1
,,1
,,1
,,1
,,1
,,1
,,1
,,1
,,1
,,1
,,1
,,1
,,1
,,1
,,1
,,1
,,1
,,1
,,1
,,1
,,1
,,1
,,1
,,1
,,1
,,1
,,1
,,1
,,1
,,1
,,1
,,1
,,1
,,1
,,1
,,1
,,1
,,1
,,1
,,1
,,1
,,1
,,1
,,1
,,1
,,1
,,1
,,1
,,1
,,1
,,1
,,1
,,1
,,1
,,1
,,1
,,1
,,1
,,1
,,1
,,1
,,1
,,1
,,1
,,1
,,1
,,1
,,1
,,1
,,1
,,1
,,1
,,1
,,1
,,1
,,1
,,1
,,1
,,1
,,1
,,1
,,1
,,1
,,1
,,1
,,1
,,1
,,1
,,1
,,1
,,1
,,1
,,1
,,1
,,1
,,1
,,1
,,1
,,1
,,1
,,1
,,1
,,1
,,1
,,1
,,1
,,1
,,1
,,1
,,1
,,1
,,1
,,1
,,1
,,1
,,1
,,1
,,1
,,1
,,1
,,1
,,1
,,1
,,1
,,1
,,1
,,1
,,1
,,1
,,1
,,1
,,1
,,1
,,1
,,1
,,1
,,1
,,1
,,1
,,1
,,1
,,1
,,1
,,1
,,1
,,1
,,1
,,1
,,1
,,1
,,1
,,1
,,1
,,1
,,1
,,1
,,1
,,1
,,1
,,1
,,1
,,1
,,1
,,1
,,1
,,1
,,1
,,1
,,1
,,1
,,1
,,1
,,1
,,1
,,1
,,1
,,1
,,1
,,1
,,1
,,1
,,1
,,1
,,1
,,1
,,1
,,1
,,1
,,1
,,1
,,1
,,1
,,1
,,1
,,1
,,1
,,1
,,1
,,1
,,1
,,1
,,1
,,1
,,1
,,1
,,1
,,1
,,1
,,1
,,1
,,1
,,1
,,1
,,1
,,1
,,1
,,1
,,1
,,1
,,1
,,1
,,1
,,1
,,1
,,1
,,1
,,1
,,1
,,1
,,1
,,1
,,1
,,1
,,1
,,1
,,1
,,1
,,1
,,1
,,1
,,1
,,1
,,1
,,1
,,1
,,1
,,1
,,1
,,1
,,1
,,1
,,1
,,1
,,1
,,1
,,1
,,1
,,1
,,1
,,1
,,1
,,1
,,1
,,1
,,1
,,1
,,1
,,1
,,1
,,1
,,1
,,1
,,1
,,1
,,1
,,1
,,1
,,1
,,1
,,1
,,1
,,1
,,1
,,1
,,1
,,1
,,1
,,1
,,1
,,1
,,1
,,1
,,1
,,1
,,1
,,1
,,1
,,1
,,1
,,1
,,1
,,1
,,1
,,1
,,1
,,1
,,1
,,1
,,1
,,1
,,1
,,1
,,1
,,1
,,1
,,1
,,1
,,1
,,1
,,1
,,1
,,1
,,1
,,1
,,1
,,1
,,1
,,1
,,1
,,1
,,1
,,1
,,1
,,1
,,1
,,1
,,1
,,1
,,1
,,1
,,1
,,1
,,1
,,1
,,1
,,1
,,1
,,1
,,1
,,1
,,1
,,1
,,1
,,1
,,1
,,1
,,1
,,1
,,1
,,1
,,1
,,1
,,1
,,1
,,1
,,1
,,1
,,1
,,1
,,1
,,1
,,1
,,1
,,1
,,1
,,1
,,1
,,1
,,1
,,1
,,1
,,1
,,1
,,1
,,1
,,1
,,1
,,1
,,1
,,1
,,1
,,1
,,1
,,1
,,1
,,1
,,1
,,1
,,1
,,1
,,1
,,1
,,1
,,1
,,1
,,1
,,1
,,1
,,1
,,1
,,1
,,1
,,1
,,1
,,1
,,1
,,1
,,1
,,1
,,1
,,1
,,1
,,1
,,1
,,1
,,1
,,1
,,1
,,1
,,1
,,1
,,1
,,1
,,1
,,1
,,1
,,1
,,1
,,1
,,1
,,1
,,1
,,1
,,1
,,1
,,1
,,1
,,1
,,1
,,1
,,1
,,1
,,1
,,1
,,1
,,1
,,1
,,1
,,1
,,1
,,1
,,1
,,1
,,1
,,1
,,1
,,1
,,1
,,1
,,1
,,1
,,1
,,1
,,1
,,1
,,1
,,1
,,1
,,1
,,1
,,1
,,1
,,1
,,1
,,1
,,1
,,1
,,1
,,1
,,1
,,1
,,1
,,1
,,1
,,1
,,1
,,1
,,1
,,1
,,1
,,1
,,1
,,1
,,1
,,1
,,1
,,1
,,1
,,1
,,1
,,1
,,1
,,1
,,1
,,1
,,1
,,1
,,1
,,1
,,1
,,1
,,1
,,1
,,1
,,1
,,1
,,1
,,1
,,1
,,1
,,1
,,1
,,1
,,1
,,1
,,1
,,1
,,1
,,1
,,1
,,1
,,1
,,1
,,1
,,1
,,1
,,1
,,1
,,1
,,1
,,1
,,1
,,1
,,1
,,1
,,1
,,1
,,1
,,1
,,1
,,1
,,1
,,1
,,1
,,1
,,1
,,1
,,1
,,1
,,1
,,1
,,1
,,1
,,1
,,1
,,1
,,1
,,1
,,1
,,1
,,1
,,1
,,1
,,1
,,1
,,1
,,1
,,1
,,1
,,1
,,1
,,1
,,1
,,1
,,1
,,1
,,1
,,1
,,1
,,1
,,1
,,1
,,1
,,1
,,1
,,1
,,1
,,1
,,1
,,1
,,1
,,1
,,1
,,1
,,1
,,1
,,1
,,1
,,1
,,1
,,1
,,1
,,1
,,1
,,1
,,1
,,1
,,1
,,1
,,1
,,1
,,1
,,1
,,1
,,1
,,1
,,1
,,1
,,1
,,1
,,1
,,1
,,1
,,1
,,1
,,1
,,1
,,1
,,1
,,1
,,1
,,1
,,1
,,1
,,1
,,1
,,1
,,1
,,1
,,1
,,1
,,1
,,1
,,1
,,1
,,1
,,1
,,1
,,1
,,1
,,1
,,1
,,1
,,1
,,1
,,1
,,1
,,1
,,1
,,1
,,1
,,1
,,1
,,1
,,1
,,1
,,1
,,1
,,1
,,1
,,1
,,1
,,1
,,1
,,1
,,1
,,1
,,1
,,1
,,1
,,1
,,1
,,1
,,1
,,1
,,1
,,1
,,1
,,1
,,1
,,1
,,1
,,1
,,1
,,1
,,1
,,1
,,1
,,1
,,1
,,1
,,1
,,1
,,1
,,1
,,1
,,1
,,1
,,1
,,1
,,1
,,1
,,1
,,1
,,1
,,1
,,1
,,1
,,1
,,1
,,1
,,1
,,1
,,1
,,1
,,1
,,1
,,1
,,1
,,1
,,1
,,1
,,1
,,1
,,1
,,1
,,1
,,1
,,1
,,1
,,1
,,1
,,1
,,1
,,1
,,1
,,1
,,1
,,1
,,1
,,1
,,1
,,1
,,1
,,1
,,1
,,1
,,1
,,1
,,1
,,1
,,1
,,1
,,1
,,1
,,1
,,1
,,1
,,1
,,1
,,1
,,1
,,1
,,1
,,1
,,1
,,1
,,1
,,1
,,1
,,1
,,1
,,1
,,1
,,1
,,1
,,1
,,1
,,1
,,1
,,1
,,1
,,1
,,1
,,1
,,1
,,1
,,1
,,1
,,1
,,1
,,1
,,1
,,1
,,1
,,1
,,1
,,1
,,1
,,1
,,1
,,1
,,1
,,1
,,1
,,1
,,1
,,1
,,1
,,1
,,1
,,1
,,1
,,1
,,1
,,1
,,1
,,1
,,1
,,1
,,1
,,1
,,1
,,1
,,1
,,1
,,1
,,1
,,1
,,1
,,1
,,1
,,1
,,1
,,1
,,1
,,1
,,1
,,1
,,1
,,1
,,1
,,1
,,1
,,1
,,1
,,1
,,1
,,1
,,1
,,1
,,1
,,1
,,1
,,1
,,1
,,1
,,1
,,1
,,1
,,1
,,1
,,1
,,1
,,1
,,1
,,1
,,1
,,1
,,1
,,1
,,1
,,1
,,1
,,1
,,1
,,1
,,1
,,1
,,1
,,1
,,1
,,1
,,1
,,1
,,1
,,1
,,1
,,1
,,1
,,1
,,1
,,1
,,1
,,1
,,1
,,1
,,1
,,1
,,1
,,1
,,1
,,1
,,1
,,1
,,1
,,1
,,1
,,1
,,1
,,1
,,1
,,1
,,1
,,1
,,1
,,1
,,1
,,1
,,1
,,1
,,1
,,1
,,1
,,1
,,1
,,1
,,1
,,1
,,1
,,1
,,1
,,1
,,1
,,1
,,1
,,1
,,1
,,1
,,1
,,1
,,1
,,1
,,1
,,1
,,1
,,1
,,1
,,1
,,1
,,1
,,1
,,1
,,1
,,1
,,1
,,1
,,1
,,1
,,1
,,1
,,1
,,1
,,1
,,1
,,1
,,1
,,1
,,1
,,1
,,1
,,1
,,1
,,1
,,1
,,1
,,1
,,1
,,1
,,1
,,1
,,1
,,1
,,1
,,1
,,1
,,1
,,1
,,1
,,1
,,1
,,1
,,1
,,1
,,1
,,1
,,1
,,1
,,1
,,1
,,1
,,1
,,1
,,1
,,1
,,1
,,1
,,1
,,1
,,1
,,1
,,1
,,1
,,1
,,1
,,1
,,1
,,1
,,1
,,1
,,1
,,1
,,1
,,1
,,1
,,1
,,1
,,1
,,1
,,1
,,1
,,1
,,1
,,1
,,1
,,1
,,1
,,1
,,1
,,1
,,1
,,1
,,1
,,1
,,1
,,1
,,1
,,1
,,1
,,1
,,1
,,1
,,1
,,1
,,1
,,1
,,1
,,1
,,1
,,1
,,1
,,1
,,1
,,1
,,1
,,1
,,1
,,1
,,1
,,1
,,1
,,1
,,1
,,1
,,1
,,1
,,1
,,1
,,1
,,1
,,1
,,1
,,1
,,1
,,1
,,1
,,1
,,1
,,1
,,1
,,1
,,1
,,1
,,1
,,1
,,1
,,1
,,1
,,1
,,1
,,1
,,1
,,1
,,1
,,1
,,1
,,1
,,1
,,1
,,1
,,1
,,1
,,1
,,1
,,1
,,1
,,1
,,1
,,1
,,1
,,1
,,1
,,1
,,1
,,1
,,1
,,1
,,1
,,1
,,1
,,1
,,1
,,1
,,1
,,1
,,1
,,1
,,1
,,1
,,1
,,1
,,1
,,1
,,1
,,1
,,1
,,1
,,1
,,1
,,1
,,1
,,1
,,1
,,1
,,1
,,1
,,1
,,1
,,1
,,1
,,1
,,1
,,1
,,1
,,1
,,1
,,1
,,1
,,1
,,1
,,1
,,1
,,1
,,1
,,1
,,1
,,1
,,1
,,1
,,1
,,1
,,1
,,1
,,1
,,1
,,1
,,1
,,1
,,1
,,1
,,1
,,1
,,1
,,1
,,1
,,1
,,1
,,1
,,1
,,1
,,1
,,1
,,1
,,1
,,1
,,1
,,1
,,1
,,1
,,1
,,1
,,1
,,1
,,1
,,1
,,1
,,1
,,1
,,1
,,1
,,1
,,1
,,1
,,1
,,1
,,1
,,1
,,1
,,1
,,1
,,1
,,1
,,1
,,1
,,1
,,1
,,1
,,1
,,1
,,1
,,1
,,1
,,1
,,1
,,1
,,1
,,1
,,1
,,1
,,1
,,1
,,1
,,1
,,1
,,1
,,1
,,1
,,1
,,1
,,1
,,1
,,1
,,1
,,1
,,1
,,1
,,1
,,1
,,1
,,1
,,1
,,1
,,1
,,1
,,1
,,1
,,1
,,1
,,1
,,1
,,1
,,1
,,1
,,1
,,1
,,1
,,1
,,1
,,1
,,1
,,1
,,1
,,1
,,1
,,1
,,1
,,1
,,1
,,1
,,1
,,1
,,1
,,1
,,1
,,1
,,1
,,1
,,1
,,1
,,1
,,1
,,1
,,1
,,1
,,1
,,1
,,1
,,1
,,1
,,1
,,1
,,1
,,1
,,1
,,1
,,1
,,1
,,1
,,1
,,1
,,1
,,1
,,1
,,1
,,1
,,1
,,1
,,1
,,1
,,1
,,1
,,1
,,1
,,1
,,1
,,1
,,1
,,1
,,1
,,1
,,1
,,1
,,1
,,1
,,1
,,1
,,1
,,1
,,1
,,1
,,1
,,1
,,1
,,1
,,1
,,1
,,1
,,1
,,1
,,1
,,1
,,1
,,1
,,1
,,1
,,1
,,1
,,1
,,1
,,1
,,1
,,1
,,1
,,1
,,1
,,1
,,1
,,1
,,1
,,1
,,1
,,1
,,1
,,1
,,1
,,1
,,1
,,1
,,1
,,1
,,1
,,1
,,1
,,1
,,1
,,1
,,1
,,1
,,1
,,1
,,1
,,1
,,1
,,1
,,1
,,1
,,1
,,1
,,1
,,1
,,1
,,1
,,1
,,1
,,1
,,1
,,1
,,1
,,1
,,1
,,1
,,1
,,1
,,1
,,1
,,1
,,1
,,1
,,1
,,1
,,1
,,1
,,1
,,1
,,1
,,1
,,1
,,1
,,1
,,1
,,1
,,1
,,1
,,1
,,1
,,1
,,1
,,1
,,1
,,1
,,1
,,1
,,1
,,1
,,1
,,1
,,1
,,1
,,1
,,1
,,1
,,1
,,1
,,1
,,1
,,1
,,1
,,1
,,1
,,1
,,1
,,1
,,1
,,1
,,1
,,1
,,1
,,1
,,1
,,1
,,1
,,1
,,1
,,1
,,1
,,1
,,1
,,1
,,1
,,1
,,1
,,1
,,1
,,1
,,1
,,1
,,1
,,1
,,1
,,1
,,1
,,1
,,1
,,1
,,1
,,1
,,1
,,1
,,1
,,1
,,1
,,1
,,1
,,1
,,1
,,1
,,1
,,1
,,1
,,1
,,1
,,1
,,1
,,1
,,1
,,1
,,1
,,1
,,1
,,1
,,1
,,1
,,1
,,1
,,1
,,1
,,1
,,1
,,1
,,1
,,1
,,1
,,1
,,1
,,1
,,1
,,1
,,1
,,1
,,1
,,1
,,1
,,1
,,1
,,1
,,1
,,1
,,1
,,1
,,1
,,1
,,1
,,1
,,1
,,1
,,1
,,1
,,1
,,1
,,1
,,1
,,1
,,1
,,1
,,1
,,1
,,1
,,1
,,1
,,1
,,1
,,1
,,1
,,1
,,1
,,1
,,1
,,1
,,1
,,1
,,1
,,1
,,1
,,1
,,1
,,1
,,1
,,1
,,1
,,1
,,1
,,1
,,1
,,1
,,1
,,1
,,1
,,1
,,1
,,1
,,1
,,1
,,1
,,1
,,1
,,1
,,1
,,1
,,1
,,1
,,1
,,1
,,1
,,1
,,1
,,1
,,1
,,1
,,1
,,1
,,1
,,1
,,1
,,1
,,1
,,1
,,1
,,1
,,1
,,1
,,1
,,1
,,1
,,1
,,1
,,1
,,1
,,1
,,1
,,1
,,1
,,1
,,1
,,1
,,1
,,1
,,1
,,1
,,1
,,1
,,1
,,1
,,1
,,1
,,1
,,1
,,1
,,1
,,1
,,1
,,1
,,1
,,1
,,1
,,1
,,1
,,1
,,1
,,1
,,1
,,1
,,1
,,1
,,1
,,1
,,1
,,1
,,1
,,1
,,1
,,1
,,1
,,1
,,1
,,1
,,1
,,1
,,1
,,1
,,1
,,1
,,1
,,1
,,1
,,1
,,1
,,1
,,1
,,1
,,1
,,1
,,1
,,1
,,1
,,1
,,1
,,1
,,1
,,1
,,1
,,1
,,1
,,1
,,1
,,1
,,1
,,1
,,1
,,1
,,1
,,1
,,1
,,1
,,1
,,1
,,1
,,1
,,1
,,1
,,1
,,1
,,1
,,1
,,1
,,1
,,1
,,1
,,1
,,1
,,1
,,1
,,1
,,1
,,1
,,1
,,1
,,1
,,1
,,1
,,1
,,1
,,1
,,1
,,1
,,1
,,1
,,1
,,1
,,1
,,1
,,1
,,1
,,1
,,1
,,1
,,1
,,1
,,1
,,1
,,1
,,1
,,1
,,1
,,1
,,1
,,1
,,1
,,1
,,1
,,1
,,1
,,1
,,1
,,1
,,1
,,1
,,1
,,1
,,1
,,1
,,1
,,1
,,1
,,1
,,1
,,1
,,1
,,1
,,1
,,1
,,1
,,1
,,1
,,1
,,1
,,1
,,1
,,1
,,1
,,1
,,1
,,1
,,1
,,1
,,1
,,1
,,1
,,1
,,1
,,1
,,1
,,1
,,1
,,1
,,1
,,1
,,1
,,1
,,1
,,1
,,1
,,1
,,1
,,1
,,1
,,1
,,1
,,1
,,1
,,1
,,1
,,1
,,1
,,1
,,1
,,1
,,1
,,1
,,1
,,1
,,1
,,1
,,1
,,1
,,1
,,1
,,1
,,1
,,1
,,1
,,1
,,1
,,1
,,1
,,1
,,1
,,1
,,1
,,1
,,1
,,1
,,1
,,1
,,1
,,1
,,1
,,1
,,1
,,1
,,1
,,1
,,1
,,1
,,1
,,1
,,1
,,1
,,1
,,1
,,1
,,1
,,1
,,1
,,1
,,1
,,1
,,1
,,1
,,1
,,1
,,1
,,1
,,1
,,1
,,1
,,1
,,1
,,1
,,1
,,1
,,1
,,1
,,1
,,1
,,1
,,1
,,1
,,1
,,1
,,1
,,1
,,1
,,1
,,1
,,1
,,1
,,1
,,1
,,1
,,1
,,1
,,1
,,1
,,1
,,1
,,1
,,1
,,1
,,1
,,1
,,1
,,1
,,1
,,1
,,1
,,1
,,1
,,1
,,1
,,1
,,1
,,1
,,1
,,1
,,1
,,1
,,1
,,1
,,1
,,1
,,1
,,1
,,1
,,1
,,1
,,1
,,1
,,1
,,1
,,1
,,1
,,1
,,1
,,1
,,1
,,1
,,1
,,1
,,1
,,1
,,1
,,1
,,1
,,1
,,1
,,1
,,1
,,1
,,1
,,1
,,1
,,1
,,1
,,1
,,1
,,1
,,1
,,1
,,1
,,1
,,1
,,1
,,1
,,1
,,1
,,1
,,1
,,1
,,1
,,1
,,1
,,1
,,1
,,1
,,1
,,1
,,1
,,1
,,1
,,1
,,1
,,1
,,1
,,1
,,1
,,1
,,1
,,1
,,1
,,1
,,1
,,1
,,1
,,1
,,1
,,1
,,1
,,1
,,1
,,1
,,1
,,1
,,1
,,1
,,1
,,1
,,1
,,1
,,1
,,1
,,1
,,1
,,1
,,1
,,1
,,1
,,1
,,1
,,1
,,1
,,1
,,1
,,1
,,1
,,1
,,1
,,1
,,1
,,1
,,1
,,1
,,1
,,1
,,1
,,1
,,1
,,1
,,1
,,1
,,1
,,1
,,1
,,1
,,1
,,1
,,1
,,1
,,1
,,1
,,1
,,1
,,1
,,1
,,1
,,1
,,1
,,1
,,1
,,1
,,1
,,1
,,1
,,1
,,1
,,1
,,1
,,1
,,1
,,1
,,1
,,1
,,1
,,1
,,1
,,1
,,1
,,1
,,1
,,1
,,1
,,1
,,1
,,1
,,1
,,1
,,1
,,1
,,1
,,1
,,1
,,1
,,1
,,1
,,1
,,1
,,1
,,1
,,1
,,1
,,1
,,1
,,1
,,1
,,1
,,1
,,1
,,1
,,1
,,1
,,1
,,1
,,1
,,1
,,1
,,1
,,1
,,1
,,1
,,1
,,1
,,1
,,1
,,1
,,1
,,1
,,1
,,1
,,1
,,1
,,1
,,1
,,1
,,1
,,1
,,1
,,1
,,1
,,1
,,1
,,1
,,1
,,1
,,1
,,1
,,1
,,1
,,1
,,1
,,1
,,1
,,1
,,1
,,1
,,1
,,1
,,1
,,1
,,1
,,1
,,1
,,1
,,1
,,1
,,1
,,1
,,1
,,1
,,1
,,1
,,1
,,1
,,1
,,1
,,1
,,1
,,1
,,1
,,1
,,1
,,1
,,1
,,1
,,1
,,1
,,1
,,1
,,1
,,1
,,1
,,1
,,1
,,1
,,1
,,1
,,1
,,1
,,1
,,1
,,1
,,1
,,1
,,1
,,1
,,1
,,1
,,1
,,1
,,1
,,1
,,1
,,1
,,1
,,1
,,1
,,1
,,1
,,1
,,1
,,1
,,1
,,1
,,1
,,1
,,1
,,1
,,1
,,1
,,1
,,1
,,1
,,1
,,1
,,1
,,1
,,1
,,1
,,1
,,1
,,1
,,1
,,1
,,1
,,1
,,1
,,1
,,1
,,1
,,1
,,1
,,1
,,1
,,1
,,1
,,1
,,1
,,1
,,1
,,1
,,1
,,1
,,1
,,1
,,1
,,1
,,1
,,1
,,1
,,1
,,1
,,1
,,1
,,1
,,1
,,1
,,1
,,1
,,1
,,1
,,1
,,1
,,1
,,1
,,1
,,1
,,1
,,1
,,1
,,1
,,1
,,1
,,1
,,1
,,1
,,1
,,1
,,1
,,1
,,1
,,1
,,1
,,1
,,1
,,1
,,1
,,1
,,1
,,1
,,1
,,1
,,1
,,1
,,1
,,1
,,1
,,1
,,1
,,1
,,1
,,1
,,1
,,1
,,1
,,1
,,1
,,1
,,1
,,1
,,1
,,1
,,1
,,1
,,1
,,1
,,1
,,1
,,1
,,1
,,1
,,1
,,1
,,1
,,1
,,1
,,1
,,1
,,1
,,1
,,1
,,1
,,1
,,1
,,1
,,1
,,1
,,1
,,1
,,1
,,1
,,1
,,1
,,1
,,1
,,1
,,1
,,1
,,1
,,1
,,1
,,1
,,1
,,1
,,1
,,1
,,1
,,1
,,1
,,1
,,1
,,1
,,1
,,1
,,1
,,1
,,1
,,1
,,1
,,1
,,1
,,1
,,1
,,1
,,1
,,1
,,1
,,1
,,1
,,1
,,1
,,1
,,1
,,1
,,1
,,1
,,1
,,1
,,1
,,1
,,1
,,1
,,1
,,1
,,1
,,1
,,1
,,1
,,1
,,1
,,1
,,1
,,1
,,1
,,1
,,1
,,1
,,1
,,1
,,1
,,1
,,1
,,1
,,1
,,1
,,1
,,1
,,1
,,1
,,1
,,1
,,1
,,1
,,1
,,1
,,1
,,1
,,1
,,1
,,1
,,1
,,1
,,1
,,1
,,1
,,1
,,1
,,1
,,1
,,1
,,1
,,1
,,1
,,1
,,1
,,1
,,1
,,1
,,1
,,1
,,1
,,1
,,1
,,1
,,1
,,1
,,1
,,1
,,1
,,1
,,1
,,1
,,1
,,1
,,1
,,1
,,1
,,1
,,1
,,1
,,1
,,1
,,1
,,1
,,1
,,1
,,1
,,1
,,1
,,1
,,1
,,1
,,1
,,1
,,1
,,1
,,1
,,1
,,1
,,1
,,1
,,1
,,1
,,1
,,1
,,1
,,1
,,1
,,1
,,1
,,1
,,1
,,1
,,1
,,1
,,1
,,1
,,1
,,1
,,1
,,1
,,1
,,1
,,1
,,1
,,1
,,1
,,1
,,1
,,1
,,1
,,1
,,1
,,1
,,1
,,1
,,1
,,1
,,1
,,1
,,1
,,1
,,1
,,1
,,1
,,1
,,1
,,1
,,1
,,1
,,1
,,1
,,1
,,1
,,1
,,1
,,1
,,1
,,1
,,1
,,1
,,1
,,1
,,1
,,1
,,1
,,1
,,1
,,1
,,1
,,1
,,1
,,1
,,1
,,1
,,1
,,1
,,1
,,1
,,1
,,1
,,1
,,1
,,1
,,1
,,1
,,1
,,1
,,1
,,1
,,1
,,1
,,1
,,1
,,1
,,1
,,1
,,1
,,1
,,1
,,1
,,1
,,1
,,1
,,1
,,1
,,1
,,1
,,1
,,1
,,1
,,1
,,1
,,1
,,1
,,1
,,1
,,1
,,1
,,1
,,1
,,1
,,1
,,1
,,1
,,1
,,1
,,1
,,1
,,1
,,1
,,1
,,1
,,1
,,1
,,1
,,1
,,1
,,1
,,1
,,1
,,1
,,1
,,1
,,1
,,1
,,1
,,1
,,1
,,1
,,1
,,1
,,1
,,1
,,1
,,1
,,1
,,1
,,1
,,1
,,1
,,1
,,1
,,1
,,1
,,1
,,1
,,1
,,1
,,1
,,1
,,1
,,1
,,1
,,1
,,1
,,1
,,1
,,1
,,1
,,1
,,1
,,1
,,1
,,1
,,1
,,1
,,1
,,1
,,1
,,1
,,1
,,1
,,1
,,1
,,1
,,1
,,1
,,1
,,1
,,1
,,1
,,1
,,1
,,1
,,1
,,1
,,1
,,1
,,1
,,1
,,1
,,1
,,1
,,1
,,1
,,1
,,1
,,1
,,1
,,1
,,1
,,1
,,1
,,1
,,1
,,1
,,1
,,1
,,1
,,1
,,1
,,1
,,1
,,1
,,1
,,1
,,1
,,1
,,1
,,1
,,1
,,1
,,1
,,1
,,1
,,1
,,1
,,1
,,1
,,1
,,1
,,1
,,1
,,1
,,1
,,1
,,1
,,1
,,1
,,1
,,1
,,1
,,1
,,1
,,1
,,1
,,1
,,1
,,1
,,1
,,1
,,1
,,1
,,1
,,1
,,1
,,1
,,1
,,1
,,1
,,1
,,1
,,1
,,1
,,1
,,1
,,1
,,1
,,1
,,1
,,1
,,1
,,1
,,1
,,1
,,1
,,1
,,1
,,1
,,1
,,1
,,1
,,1
,,1
,,1
,,1
,,1
,,1
,,1
,,1
,,1
,,1
,,1
,,1
,,1
,,1
,,1
,,1
,,1
,,1
,,1
,,1
,,1
,,1
,,1
,,1
,,1
,,1
,,1
,,1
,,1
,,1
,,1
,,1
,,1
,,1
,,1
,,1
,,1
,,1
,,1
,,1
,,1
,,1
,,1
,,1
,,1
,,1
,,1
,,1
,,1
,,1
,,1
,,1
,,1
,,1
,,1
,,1
,,1
,,1
,,1
,,1
,,1
,,1
,,1
,,1
,,1
,,1
,,1
,,1
,,1
,,1
,,1
,,1
,,1
,,1
,,1
,,1
,,1
,,1
,,1
,,1
,,1
,,1
,,1
,,1
,,1
,,1
,,1
,,1
,,1
,,1
,,1
,,1
,,1
,,1
,,1
,,1
,,1
,,1
,,1
,,1
,,1
,,1
,,1
,,1
,,1
,,1
,,1
,,1
,,1
,,1
,,1
,,1
,,1
,,1
,,1
,,1
,,1
,,1
,,1
,,1
,,1
,,1
,,1
,,1
,,1
,,1
,,1
,,1
,,1
,,1
,,1
,,1
,,1
,,1
,,1
,,1
,,1
,,1
,,1
,,1
,,1
,,1
,,1
,,1
,,1
,,1
,,1
,,1
,,1
,,1
,,1
,,1
,,1
,,1
,,1
,,1
,,1
,,1
,,1
,,1
,,1
,,1
,,1
,,1
,,1
,,1
,,1
,,1
,,1
,,1
,,1
,,1
,,1
,,1
,,1
,,1
,,1
,,1
,,1
,,1
,,1
,,1
,,1
,,1
,,1
,,1
,,1
,,1
,,1
,,1
,,1
,,1
,,1
,,1
,,1
,,1
,,1
,,1
,,1
,,1
,,1
,,1
,,1
,,1
,,1
,,1
,,1
,,1
,,1
,,1
,,1
,,1
,,1
,,1
,,1
,,1
,,1
,,1
,,1
,,1
,,1
,,1
,,1
,,1
,,1
,,1
,,1
,,1
,,1
,,1
,,1
,,1
,,1
,,1
,,1
,,1
,,1
,,1
,,1
,,1
,,1
,,1
,,1
,,1
,,1
,,1
,,1
,,1
,,1
,,1
,,1
,,1
,,1
,,1
,,1
,,1
,,1
,,1
,,1
,,1
,,1
,,1
,,1
,,1
,,1
,,1
,,1
,,1
,,1
,,1
,,1
,,1
,,1
,,1
,,1
,,1
,,1
,,1
,,1
,,1
,,1
,,1
,,1
,,1
,,1
,,1
,,1
,,1
,,1
,,1
,,1
,,1
,,1
,,1
,,1
,,1
,,1
,,1
,,1
,,1
,,1
,,1
,,1
,,1
,,1
,,1
,,1
,,1
,,1
,,1
,,1
,,1
,,1
,,1
,,1
,,1
,,1
,,1
,,1
,,1
,,1
,,1
,,1
,,1
,,1
,,1
,,1
,,1
,,1
,,1
,,1
,,1
,,1
,,1
,,1
,,1
,,1
,,1
,,1
,,1
,,1
,,1
,,1
,,1
,,1
,,1
,,1
,,1
,,1
,,1
,,1
,,1
,,1
,,1
,,1
,,1
,,1
,,1
,,1
,,1
,,1
,,1
,,1
,,1
,,1
,,1
,,1
,,1
,,1
,,1
,,1
,,1
,,1
,,1
,,1
,,1
,,1
,,1
,,1
,,1
,,1
,,1
,,1
,,1
,,1
,,1
,,1
,,1
,,1
,,1
,,1
,,1
,,1
,,1
,,1
,,1
,,1
,,1
,,1
,,1
,,1
,,1
,,1
,,1
,,1
,,1
,,1
,,1
,,1
,,1
,,1
,,1
,,1
,,1
,,1
,,1
,,1
,,1
,,1
,,1
,,1
,,1
,,1
,,1
,,1
,,1
,,1
,,1
,,1
,,1
,,1
,,1
,,1
,,1
,,1
,,1
,,1
,,1
,,1
,,1
,,1
,,1
,,1
,,1
,,1
,,1
,,1
,,1
,,1
,,1
,,1
,,1
,,1
,,1
,,1
,,1
,,1
,,1
,,1
,,1
,,1
,,1
,,1
,,1
,,1
,,1
,,1
,,1
,,1
,,1
,,1
,,1
,,1
,,1
,,1
,,1
,,1
,,1
,,1
,,1
,,1
,,1
,,1
,,1
,,1
,,1
,,1
,,1
,,1
,,1
,,1
,,1
,,1
,,1
,,1
,,1
,,1
,,1
,,1
,,1
,,1
,,1
,,1
,,1
,,1
,,1
,,1
,,1
,,1
,,1
,,1
,,1
,,1
,,1
,,1
,,1
,,1
,,1
,,1
,,1
,,1
,,1
,,1
,,1
,,1
,,1
,,1
,,1
,,1
,,1
,,1
,,1
,,1
,,1
,,1
,,1
,,1
,,1
,,1
,,1
,,1
,,1
,,1
,,1
,,1
,,1
,,1
,,1
,,1
,,1
,,1
,,1
,,1
,,1
,,1
,,1
,,1
,,1
,,1
,,1
,,1
,,1
,,1
,,1
,,1
,,1
,,1
,,1
,,1
,,1
,,1
,,1
,,1
,,1
,,1
,,1
,,1
,,1
,,1
,,1
,,1
,,1
,,1
,,1
,,1
,,1
,,1
,,1
,,1
,,1
,,1
,,1
,,1
,,1
,,1
,,1
,,1
,,1
,,1
,,1
,,1
,,1
,,1
,,1
,,1
,,1
,,1
,,1
,,1
,,1
,,1
,,1
,,1
,,1
,,1
,,1
,,1
,,1
,,1
,,1
,,1
,,1
,,1
,,1
,,1
,,1
,,1
,,1
,,1
,,1
,,1
,,1
,,1
,,1
,,1
,,1
,,1
,,1
,,1
,,1
,,1
,,1
,,1
,,1
,,1
,,1
,,1
,,1
,,1
,,1
,,1
,,1
,,1
,,1
,,1
,,1
,,1
,,1
,,1
,,1
,,1
,,1
,,1
,,1
,,1
,,1
,,1
,,1
,,1
,,1
,,1
,,1
,,1
,,1
,,1
,,1
,,1
,,1
,,1
,,1
,,1
,,1
,,1
,,1
,,1
,,1
,,1
,,1
,,1
,,1
,,1
,,1
,,1
,,1
,,1
,,1
,,1
,,1
,,1
,,1
,,1
,,1
,,1
,,1
,,1
,,1
,,1
,,1
,,1
,,1
,,1
,,1
,,1
,,1
,,1
,,1
,,1
,,1
,,1
,,1
,,1
,,1
,,1
,,1
,,1
,,1
,,1
,,1
,,1
,,1
,,1
,,1
,,1
,,1
,,1
,,1
,,1
,,1
,,1
,,1
,,1
,,1
,,1
,,1
,,1
,,1
,,1
,,1
,,1
,,1
,,1
,,1
,,1
,,1
,,1
,,1
,,1
,,1
,,1
,,1
,,1
,,1
,,1
,,1
,,1
,,1
,,1
,,1
,,1
,,1
,,1
,,1
,,1
,,1
,,1
,,1
,,1
,,1
,,1
,,1
,,1
,,1
,,1
,,1
,,1
,,1
,,1
,,1
,,1
,,1
,,1
,,1
,,1
,,1
,,1
,,1
,,1
,,1
,,1
,,1
,,1
,,1
,,1
,,1
,,1
,,1
,,1
,,1
,,1
,,1
,,1
,,1
,,1
,,1
,,1
,,1
,,1
,,1
,,1
,,1
,,1
,,1
,,1
,,1
,,1
,,1
,,1
,,1
,,1
,,1
,,1
,,1
,,1
,,1
,,1
,,1
,,1
,,1
,,1
,,1
,,1
,,1
,,1
,,1
,,1
,,1
,,1
,,1
,,1
,,1
,,1
,,1
,,1
,,1
,,1
,,1
,,1
,,1
,,1
,,1
,,1
,,1
,,1
,,1
,,1
,,1
,,1
,,1
,,1
,,1
,,1
,,1
,,1
,,1
,,1
,,1
,,1
,,1
,,1
,,1
,,1
,,1
,,1
,,1
,,1
,,1
,,1
,,1
,,1
,,1
,,1
,,1
,,1
,,1
,,1
,,1
,,1
,,1
,,1
,,1
,,1
,,1
,,1
,,1
,,1
,,1
,,1
,,1
,,1
,,1
,,1
,,1
,,1
,,1
,,1
,,1
,,1
,,1
,,1
,,1
,,1
,,1
,,1
,,1
,,1
,,1
,,1
,,1
,,1
,,1
,,1
,,1
,,1
,,1
,,1
,,1
,,1
,,1
,,1
,,1
,,1
,,1
,,1
,,1
,,1
,,1
,,1
,,1
,,1
,,1
,,1
,,1
,,1
,,1
,,1
,,1
,,1
,,1
,,1
,,1
,,1
,,1
,,1
,,1
,,1
,,1
,,1
,,1
,,1
,,1
,,1
,,1
,,1
,,1
,,1
,,1
,,1
,,1
,,1
,,1
,,1
,,1
,,1
,,1
,,1
,,1
,,1
,,1
,,1
,,1
,,1
,,1
,,1
,,1
,,1
,,1
,,1
,,1
,,1
,,1
,,1
,,1
,,1
,,1
,,1
,,1
,,1
,,1
,,1
,,1
,,1
,,1
,,1
,,1
,,1
,,1
,,1
,,1
,,1
,,1
,,1
,,1
,,1
,,1
,,1
,,1
,,1
,,1
,,1
,,1
,,1
,,1
,,1
,,1
,,1
,,1
,,1
,,1
,,1
,,1
,,1
,,1
,,1
,,1
,,1
,,1
,,1
,,1
,,1
,,1
,,1
,,1
,,1
,,1
,,1
,,1
,,1
,,1
,,1
,,1
,,1
,,1
,,1
,,1
,,1
,,1
,,1
,,1
,,1
,,1
,,1
,,1
,,1
,,1
,,1
,,1
,,1
,,1
,,1
,,1
,,1
,,1
,,1
,,1
,,1
,,1
,,1
,,1
,,1
,,1
,,1
,,1
,,1
,,1
,,1
,,1
,,1
,,1
,,1
,,1
,,1
,,1
,,1
,,1
,,1
,,1
,,1
,,1
,,1
,,1
,,1
,,1
,,1
,,1
,,1
,,1
,,1
,,1
,,1
,,1
,,1
,,1
,,1
,,1
,,1
,,1
,,1
,,1
,,1
,,1
,,1
,,1
,,1
,,1
,,1
,,1
,,1
,,1
,,1
,,1
,,1
,,1
,,1
,,1
,,1
,,1
,,1
,,1
,,1
,,1
,,1
,,1
,,1
,,1
,,1
,,1
,,1
,,1
,,1
,,1
,,1
,,1
,,1
,,1
,,1
,,1
,,1
,,1
,,1
,,1
,,1
,,1
,,1
,,1
,,1
,,1
,,1
,,1
,,1
,,1
,,1
,,1
,,1
,,1
,,1
,,1
,,1
,,1
,,1
,,1
,,1
,,1
,,1
,,1
,,1
,,1
,,1
,,1
,,1
,,1
,,1
,,1
,,1
,,1
,,1
,,1
,,1
,,1
,,1
,,1
,,1
,,1
,,1
,,1
,,1
,,1
,,1
,,1
,,1
,,1
,,1
,,1
,,1
,,1
,,1
,,1
,,1
,,1
,,1
,,1
,,1
,,1
,,1
,,1
,,1
,,1
,,1
,,1
,,1
,,1
,,1
,,1
,,1
,,1
,,1
,,1
,,1
,,1
,,1
,,1
,,1
,,1
,,1
,,1
,,1
,,1
,,1
,,1
,,1
,,1
,,1
,,1
,,1
,,1
,,1
,,1
,,1
,,1
,,1
,,1
,,1
,,1
,,1
,,1
,,1
,,1
,,1
,,1
,,1
,,1
,,1
,,1
,,1
,,1
,,1
,,1
,,1
,,1
,,1
,,1
,,1
,,1
,,1
,,1
,,1
,,1
,,1
,,1
,,1
,,1
,,1
,,1
,,1
,,1
,,1
,,1
,,1
,,1
,,1
,,1
,,1
,,1
,,1
,,1
,,1
,,1
,,1
,,1
,,1
,,1
,,1
,,1
,,1
,,1
,,1
,,1
,,1
,,1
,,1
,,1
,,1
,,1
,,1
,,1
,,1
,,1
,,1
,,1
,,1
,,1
,,1
,,1
,,1
,,1
,,1
,,1
,,1
,,1
,,1
,,1
,,1
,,1
,,1
,,1
,,1
,,1
,,1
,,1
,,1
,,1
,,1
,,1
,,1
,,1
,,1
,,1
,,1
,,1
,,1
,,1
,,1
,,1
,,1
,,1
,,1
,,1
,,1
,,1
,,1
,,1
,,1
,,1
,,1
,,1
,,1
,,1
,,1
,,1
,,1
,,1
,,1
,,1
,,1
,,1
,,1
,,1
,,1
,,1
,,1
,,1
,,1
,,1
,,1
,,1
,,1
,,1
,,1
,,1
,,1
,,1
,,1
,,1
,,1
,,1
,,1
,,1
,,1
,,1
,,1
,,1
,,1
,,1
,,1
,,1
,,1
,,1
,,1
,,1
,,1
,,1
,,1
,,1
,,1
,,1
,,1
,,1
,,1
,,1
,,1
,,1
,,1
,,1
,,1
,,1
,,1
,,1
,,1
,,1
,,1
,,1
,,1
,,1
,,1
,,1
,,1
,,1
,,1
,,1
,,1
,,1
,,1
,,1
,,1
,,1
,,1
,,1
,,1
,,1
,,1
,,1
,,1
,,1
,,1
,,1
,,1
,,1
,,1
,,1
,,1
,,1
,,1
,,1
,,1
,,1
,,1
,,1
,,1
,,1
,,1
,,1
,,1
,,1
,,1
,,1
,,1
,,1
,,1
,,1
,,1
,,1
,,1
,,1
,,1
,,1
,,1
,,1
,,1
,,1
,,1
,,1
,,1
,,1
,,1
,,1
,,1
,,1
,,1
,,1
,,1
,,1
,,1
,,1
,,1
,,1
,,1
,,1
,,1
,,1
,,1
,,1
,,1
,,1
,,1
,,1
,,1
,,1
,,1
,,1
,,1
,,1
,,1
,,1
,,1
,,1
,,1
,,1
,,1
,,1
,,1
,,1
,,1
,,1
,,1
,,1
,,1
,,1
,,1
,,1
,,1
,,1
,,1
,,1
,,1
,,1
,,1
,,1
,,1
,,1
,,1
,,1
,,1
,,1
,,1
,,1
,,1
,,1
,,1
,,1
,,1
,,1
,,1
,,1
,,1
,,1
,,1
,,1
,,1
,,1
,,1
,,1
,,1
,,1
,,1
,,1
,,1
,,1
,,1
,,1
,,1
,,1
,,1
,,1
,,1
,,1
,,1
,,1
,,1
,,1
,,1
,,1
,,1
,,1
,,1
,,1
,,1
,,1
,,1
,,1
,,1
,,1
,,1
,,1
,,1
,,1
,,1
,,1
,,1
,,1
,,1
,,1
,,1
,,1
,,1
,,1
,,1
,,1
,,1
,,1
,,1
,,1
,,1
,,1
,,1
,,1
,,1
,,1
,,1
,,1
,,1
,,1
,,1
,,1
,,1
,,1
,,1
,,1
,,1
,,1
,,1
,,1
,,1
,,1
,,1
,,1
,,1
,,1
,,1
,,1
,,1
,,1
,,1
,,1
,,1
,,1
,,1
,,1
,,1
,,1
,,1
,,1
,,1
,,1
,,1
,,1
,,1
,,1
,,1
,,1
,,1
,,1
,,1
,,1
,,1
,,1
,,1
,,1
,,1
,,1
,,1
,,1
,,1
,,1
,,1
,,1
,,1
,,1
,,1
,,1
,,1
,,1
,,1
,,1
,,1
,,1
,,1
,,1
,,1
,,1
,,1
,,1
,,1
,,1
,,1
,,1
,,1
,,1
,,1
,,1
,,1
,,1
,,1
,,1
,,1
,,1
,,1
,,1
,,1
,,1
,,1
,,1
,,1
,,1
,,1
,,1
,,1
,,1
,,1
,,1
,,1
,,1
,,1
,,1
,,1
,,1
,,1
,,1
,,1
,,1
,,1
,,1
,,1
,,1
,,1
,,1
,,1
,,1
,,1
,,1
,,1
,,1
,,1
,,1
,,1
,,1
,,1
,,1
,,1
,,1
,,1
,,1
,,1
,,1
,,1
,,1
,,1
,,1
,,1
,,1
,,1
,,1
,,1
,,1
,,1
,,1
,,1
,,1
,,1
,,1
,,1
,,1
,,1
,,1
,,1
,,1
,,1
,,1
,,1
,,1
,,1
,,1
,,1
,,1
,,1
,,1
,,1
,,1
,,1
,,1
,,1
,,1
,,1
,,1
,,1
,,1
,,1
,,1
,,1
,,1
,,1
,,1
,,1
,,1
,,1
,,1
,,1
,,1
,,1
,,1
,,1
,,1
,,1
,,1
,,1
,,1
,,1
,,1
,,1
,,1
,,1
,,1
,,1
,,1
,,1
,,1
,,1
,,1
,,1
,,1
,,1
,,1
,,1
,,1
,,1
,,1
,,1
,,1
,,1
,,1
,,1
,,1
,,1
,,1
,,1
,,1
,,1
,,1
,,1
,,1
,,1
,,1
,,1
,,1
,,1
,,1
,,1
,,1
,,1
,,1
,,1
,,1
,,1
,,1
,,1
,,1
,,1
,,1
,,1
,,1
,,1
,,1
,,1
,,1
,,1
,,1
,,1
,,1
,,1
,,1
,,1
,,1
,,1
,,1
,,1
,,1
,,1
,,1
,,1
,,1
,,1
,,1
,,1
,,1
,,1
,,1
,,1
,,1
,,1
,,1
,,1
,,1
,,1
,,1
,,1
,,1
,,1
,,1
,,1
,,1
,,1
,,1
,,1
,,1
,,1
,,1
,,1
,,1
,,1
,,1
,,1
,,1
,,1
,,1
,,1
,,1
,,1
,,1
,,1
,,1
,,1
,,1
,,1
,,1
,,1
,,1
,,1
,,1
,,1
,,1
,,1
,,1
,,1
,,1
,,1
,,1
,,1
,,1
,,1
,,1
,,1
,,1
,,1
,,1
,,1
,,1
,,1
,,1
,,1
,,1
,,1
,,1
,,1
,,1
,,1
,,1
,,1
,,1
,,1
,,1
,,1
,,1
,,1
,,1
,,1
,,1
,,1
,,1
,,1
,,1
,,1
,,1
,,1
,,1
,,1
,,1
,,1
,,1
,,1
,,1
,,1
,,1
,,1
,,1
,,1
,,1
,,1
,,1
,,1
,,1
,,1
,,1
,,1
,,1
,,1
,,1
,,1
,,1
,,1
,,1
,,1
,,1
,,1
,,1
,,1
,,1
,,1
,,1
,,1
,,1
,,1
,,1
,,1
,,1
,,1
,,1
,,1
,,1
,,1
,,1
,,1
,,1
,,1
,,1
,,1
,,1
,,1
,,1
,,1
,,1
,,1
,,1
,,1
,,1
,,1
,,1
,,1
,,1
,,1
,,1
,,1
,,1
,,1
,,1
,,1
,,1
,,1
,,1
,,1
,,1
,,1
,,1
,,1
,,1
,,1
,,1
,,1
,,1
,,1
,,1
,,1
,,1
,,1
,,1
,,1
,,1
,,1
,,1
,,1
,,1
,,1
,,1
,,1
,,1
,,1
,,1
,,1
,,1
,,1
,,1
,,1
,,1
,,1
,,1
,,1
,,1
,,1
,,1
,,1
,,1
,,1
,,1
,,1
,,1
,,1
,,1
,,1
,,1
,,1
,,1
,,1
,,1
,,1
,,1
,,1
,,1
,,1
,,1
,,1
,,1
,,1
,,1
,,1
,,1
,,1
,,1
,,1
,,1
,,1
,,1
,,1
,,1
,,1
,,1
,,1
,,1
,,1
,,1
,,1
,,1
,,1
,,1
,,1
,,1
,,1
,,1
,,1
,,1
,,1
,,1
,,1
,,1
,,1
,,1
,,1
,,1
,,1
,,1
,,1
,,1
,,1
,,1
,,1
,,1
,,1
,,1
,,1
,,1
,,1
,,1
,,1
,,1
,,1
,,1
,,1
,,1
,,1
,,1
,,1
,,1
,,1
,,1
,,1
,,1
,,1
,,1
,,1
,,1
,,1
,,1
,,1
,,1
,,1
,,1
,,1
,,1
,,1
,,1
,,1
,,1
,,1
,,1
,,1
,,1
,,1
,,1
,,1
,,1
,,1
,,1
,,1
,,1
,,1
,,1
,,1
,,1
,,1
,,1
,,1
,,1
,,1
,,1
,,1
,,1
,,1
,,1
,,1
,,1
,,1
,,1
,,1
,,1
,,1
,,1
,,1
,,1
,,1
,,1
,,1
,,1
,,1
,,1
,,1
,,1
,,1
,,1
,,1
,,1
,,1
,,1
,,1
,,1
,,1
,,1
,,1
,,1
,,1
,,1
,,1
,,1
,,1
,,1
,,1
,,1
,,1
,,1
,,1
,,1
,,1
,,1
,,1
,,1
,,1
,,1
,,1
,,1
,,1
,,1
,,1
,,1
,,1
,,1
,,1
,,1
,,1
,,1
,,1
,,1
,,1
,,1
,,1
,,1
,,1
,,1
,,1
,,1
,,1
,,1
,,1
,,1
,,1
,,1
,,1
,,1
,,1
,,1
,,1
,,1
,,1
,,1
,,1
,,1
,,1
,,1
,,1
,,1
,,1
,,1
,,1
,,1
,,1
,,1
,,1
,,1
,,1
,,1
,,1
,,1
,,1
,,1
,,1
,,1
,,1
,,1
,,1
,,1
,,1
,,1
,,1
,,1
,,1
,,1
,,1
,,1
,,1
,,1
,,1
,,1
,,1
,,1
,,1
,,1
,,1
,,1
,,1
,,1
,,1
,,1
,,1
,,1
,,1
,,1
,,1
,,1
,,1
,,1
,,1
,,1
,,1
,,1
,,1
,,1
,,1
,,1
,,1
,,1
,,1
,,1
,,1
,,1
,,1
,,1
,,1
,,1
,,1
,,1
,,1
,,1
,,1
,,1
,,1
,,1
,,1
,,1
,,1
,,1
,,1
,,1
,,1
,,1
,,1
,,1
,,1
,,1
,,1
,,1
,,1
,,1
,,1
,,1
,,1
,,1
,,1
,,1
,,1
,,1
,,1
,,1
,,1
,,1
,,1
,,1
,,1
,,1
,,1
,,1
,,1
,,1
,,1
,,1
,,1
,,1
,,1
,,1
,,1
,,1
,,1
,,1
,,1
,,1
,,1
,,1
,,1
,,1
,,1
,,1
,,1
,,1
,,1
,,1
,,1
,,1
,,1
,,1
,,1
,,1
,,1
,,1
,,1
,,1
,,1
,,1
,,1
,,1
,,1
,,1
,,1
,,1
,,1
,,1
,,1
,,1
,,1
,,1
,,1
,,1
,,1
,,1
,,1
,,1
,,1
,,1
,,1
,,1
,,1
,,1
,,1
,,1
,,1
,,1
,,1
,,1
,,1
,,1
,,1
,,1
,,1
,,1
,,1
,,1
,,1
,,1
,,1
,,1
,,1
,,1
,,1
,,1
,,1
,,1
,,1
,,1
,,1
,,1
,,1
,,1
,,1
,,1
,,1
,,1
,,1
,,1
,,1
,,1
,,1
,,1
,,1
,,1
,,1
,,1
,,1
,,1
,,1
,,1
,,1
,,1
,,1
,,1
,,1
,,1
,,1
,,1
,,1
,,1
,,1
,,1
,,1
,,1
,,1
,,1
,,1
,,1
,,1
,,1
,,1
,,1
,,1
,,1
,,1
,,1
,,1
,,1
,,1
,,1
,,1
,,1
,,1
,,1
,,1
,,1
,,1
,,1
,,1
,,1
,,1
,,1
,,1
,,1
,,1
,,1
,,1
,,1
,,1
,,1
,,1
,,1
,,1
,,1
,,1
,,1
,,1
,,1
,,1
,,1
,,1
,,1
,,1
,,1
,,1
,,1
,,1
,,1
,,1
,,1
,,1
,,1
,,1
,,1
,,1
,,1
,,1
,,1
,,1
,,1
,,1
,,1
,,1
,,1
,,1
,,1
,,1
,,1
,,1
,,1
,,1
,,1
,,1
,,1
,,1
,,1
,,1
,,1
,,1
,,1
,,1
,,1
,,1
,,1
,,1
,,1
,,1
,,1
,,1
,,1
,,1
,,1
,,1
,,1
,,1
,,1
,,1
,,1
,,1
,,1
,,1
,,1
,,1
,,1
,,1
,,1
,,1
,,1
,,1
,,1
,,1
,,1
,,1
,,1
,,1
,,1
,,1
,,1
,,1
,,1
,,1
,,1
,,1
,,1
,,1
,,1
,,1
,,1
,,1
,,1
,,1
,,1
,,1
,,1
,,1
,,1
,,1
,,1
,,1
,,1
,,1
,,1
,,1
,,1
,,1
,,1
,,1
,,1
,,1
,,1
,,1
,,1
,,1
,,1
,,1
,,1
,,1
,,1
,,1
,,1
,,1
,,1
,,1
,,1
,,1
,,1
,,1
,,1
,,1
,,1
,,1
,,1
,,1
,,1
,,1
,,1
,,1
,,1
,,1
,,1
,,1
,,1
,,1
,,1
,,1
,,1
,,1
,,1
,,1
,,1
,,1
,,1
,,1
,,1
,,1
,,1
,,1
,,1
,,1
,,1
,,1
,,1
,,1
,,1
,,1
,,1
,,1
,,1
,,1
,,1
,,1
,,1
,,1
,,1
,,1
,,1
,,1
,,1
,,1
,,1
,,1
,,1
,,1
,,1
,,1
,,1
,,1
,,1
,,1
,,1
,,1
,,1
,,1
,,1
,,1
,,1
,,1
,,1
,,1
,,1
,,1
,,1
,,1
,,1
,,1
,,1
,,1
,,1
,,1
,,1
,,1
,,1
,,1
,,1
,,1
,,1
,,1
,,1
,,1
,,1
,,1
,,1
,,1
,,1
,,1
,,1
,,1
,,1
,,1
,,1
,,1
,,1
,,1
,,1
,,1
,,1
,,1
,,1
,,1
,,1
,,1
,,1
,,1
,,1
,,1
,,1
,,1
,,1
,,1
,,1
,,1
,,1
,,1
,,1
,,1
,,1
,,1
,,1
,,1
,,1
,,1
,,1
,,1
,,1
,,1
,,1
,,1
,,1
,,1
,,1
,,1
,,1
,,1
,,1
,,1
,,1
,,1
,,1
,,1
,,1
,,1
,,1
,,1
,,1
,,1
,,1
,,1
,,1
,,1
,,1
,,1
,,1
,,1
,,1
,,1
,,1
,,1
,,1
,,1
,,1
,,1
,,1
,,1
,,1
,,1
,,1
,,1
,,1
,,1
,,1
,,1
,,1
,,1
,,1
,,1
,,1
,,1
,,1
,,1
,,1
,,1
,,1
,,1
,,1
,,1
,,1
,,1
,,1
,,1
,,1
,,1
,,1
,,1
,,1
,,1
,,1
,,1
,,1
,,1
,,1
,,1
,,1
,,1
,,1
,,1
,,1
,,1
,,1
,,1
,,1
,,1
,,1
,,1
,,1
,,1
,,1
,,1
,,1
,,1
,,1
,,1
,,1
,,1
,,1
,,1
,,1
,,1
,,1
,,1
,,1
,,1
,,1
,,1
,,1
,,1
,,1
,,1
,,1
,,1
,,1
,,1
,,1
,,1
,,1
,,1
,,1
,,1
,,1
,,1
,,1
,,1
,,1
,,1
,,1
,,1
,,1
,,1
,,1
,,1
,,1
,,1
,,1
,,1
,,1
,,1
,,1
,,1
,,1
,,1
,,1
,,1
,,1
,,1
,,1
,,1
,,1
,,1
,,1
,,1
,,1
,,1
,,1
,,1
,,1
,,1
,,1
,,1
,,1
,,1
,,1
,,1
,,1
,,1
,,1
,,1
,,1
,,1
,,1
,,1
,,1
,,1
,,1
,,1
,,1
,,1
,,1
,,1
,,1
,,1
,,1
,,1
,,1
,,1
,,1
,,1
,,1
,,1
,,1
,,1
,,1
,,1
,,1
,,1
,,1
,,1
,,1
,,1
,,1
,,1
,,1
,,1
,,1
,,1
,,1
,,1
,,1
,,1
,,1
,,1
,,1
,,1
,,1
,,1
,,1
,,1
,,1
,,1
,,1
,,1
,,1
,,1
,,1
,,1
,,1
,,1
,,1
,,1
,,1
,,1
,,1
,,1
,,1
,,1
,,1
,,1
,,1
,,1
,,1
,,1
,,1
,,1
,,1
,,1
,,1
,,1
,,1
,,1
,,1
,,1
,,1
,,1
,,1
,,1
,,1
,,1
,,1
,,1
,,1
,,1
,,1
,,1
,,1
,,1
,,1
,,1
,,1
,,1
,,1
,,1
,,1
,,1
,,1
,,1
,,1
,,1
,,1
,,1
,,1
,,1
,,1
,,1
,,1
,,1
,,1
,,1
,,1
,,1
,,1
,,1
,,1
,,1
,,1
,,1
,,1
,,1
,,1
,,1
,,1
,,1
,,1
,,1
,,1
,,1
,,1
,,1
,,1
,,1
,,1
,,1
,,1
,,1
,,1
,,1
,,1
,,1
,,1
,,1
,,1
,,1
,,1
,,1
,,1
,,1
,,1
,,1
,,1
,,1
,,1
,,1
,,1
,,1
,,1
,,1
,,1
,,1
,,1
,,1
,,1
,,1
,,1
,,1
,,1
,,1
,,1
,,1
,,1
,,1
,,1
,,1
,,1
,,1
,,1
,,1
,,1
,,1
,,1
,,1
,,1
,,1
,,1
,,1
,,1
,,1
,,1
,,1
,,1
,,1
,,1
,,1
,,1
,,1
,,1
,,1
,,1
,,1
,,1
,,1
,,1
,,1
,,1
,,1
,,1
,,1
,,1
,,1
,,1
,,1
,,1
,,1
,,1
,,1
,,1
,,1
,,1
,,1
,,1
,,1
,,1
,,1
,,1
,,1
,,1
,,1
,,1
,,1
,,1
,,1
,,1
,,1
,,1
,,1
,,1
,,1
,,1
,,1
,,1
,,1
,,1
,,1
,,1
,,1
,,1
,,1
,,1
,,1
,,1
,,1
,,1
,,1
,,1
,,1
,,1
,,1
,,1
,,1
,,1
,,1
,,1
,,1
,,1
,,1
,,1
,,1
,,1
,,1
,,1
,,1
,,1
,,1
,,1
,,1
,,1
,,1
,,1
,,1
,,1
,,1
,,1
,,1
,,1
,,1
,,1
,,1
,,1
,,1
,,1
,,1
,,1
,,1
,,1
,,1
,,1
,,1
,,1
,,1
,,1
,,1
,,1
,,1
,,1
,,1
,,1
,,1
,,1
,,1
,,1
,,1
,,1
,,1
,,1
,,1
,,1
,,1
,,1
,,1
,,1
,,1
,,1
,,1
,,1
,,1
,,1
,,1
,,1
,,1
,,1
,,1
,,1
,,1
,,1
,,1
,,1
,,1
,,1
,,1
,,1
,,1
,,1
,,1
,,1
,,1
,,1
,,1
,,1
,,1
,,1
,,1
,,1
,,1
,,1
,,1
,,1
,,1
,,1
,,1
,,1
,,1
,,1
,,1
,,1
,,1
,,1
,,1
,,1
,,1
,,1
,,1
,,1
,,1
,,1
,,1
,,1
,,1
,,1
,,1
,,1
,,1
,,1
,,1
,,1
,,1
,,1
,,1
,,1
,,1
,,1
,,1
,,1
,,1
,,1
,,1
,,1
,,1
,,1
,,1
,,1
,,1
,,1
,,1
,,1
,,1
,,1
,,1
,,1
,,1
,,1
,,1
,,1
,,1
,,1
,,1
,,1
,,1
,,1
,,1
,,1
,,1
,,1
,,1
,,1
,,1
,,1
,,1
,,1
,,1
,,1
,,1
,,1
,,1
,,1
,,1
,,1
,,1
,,1
,,1
,,1
,,1
,,1
,,1
,,1
,,1
,,1
,,1
,,1
,,1
,,1
,,1
,,1
,,1
,,1
,,1
,,1
,,1
,,1
,,1
,,1
,,1
,,1
,,1
,,1
,,1
,,1
,,1
,,1
,,1
,,1
,,1
,,1
,,1
,,1
,,1
,,1
,,1
,,1
,,1
,,1
,,1
,,1
,,1
,,1
,,1
,,1
,,1
,,1
,,1
,,1
,,1
,,1
,,1
,,1
,,1
,,1
,,1
,,1
,,1
,,1
,,1
,,1
,,1
,,1
,,1
,,1
,,1
,,1
,,1
,,1
,,1
,,1
,,1
,,1
,,1
,,1
,,1
,,1
,,1
,,1
,,1
,,1
,,1
,,1
,,1
,,1
,,1
,,1
,,1
,,1
,,1
,,1
,,1
,,1
,,1
,,1
,,1
,,1
,,1
,,1
,,1
,,1
,,1
,,1
,,1
,,1
,,1
,,1
,,1
,,1
,,1
,,1
,,1
,,1
,,1
,,1
,,1
,,1
,,1
,,1
,,1
,,1
,,1
,,1
,,1
,,1
,,1
,,1
,,1
,,1
,,1
,,1
,,1
,,1
,,1
,,1
,,1
,,1
,,1
,,1
,,1
,,1
,,1
,,1
,,1
,,1
,,1
,,1
,,1
,,1
,,1
,,1
,,1
,,1
,,1
,,1
,,1
,,1
,,1
,,1
,,1
,,1
,,1
,,1
,,1
,,1
,,1
,,1
,,1
,,1
,,1
,,1
,,1
,,1
,,1
,,1
,,1
,,1
,,1
,,1
,,1
,,1
,,1
,,1
,,1
,,1
,,1
,,1
,,1
,,1
,,1
,,1
,,1
,,1
,,1
,,1
,,1
,,1
,,1
,,1
,,1
,,1
,,1
,,1
,,1
,,1
,,1
,,1
,,1
,,1
,,1
,,1
,,1
,,1
,,1
,,1
,,1
,,1
,,1
,,1
,,1
,,1
,,1
,,1
,,1
,,1
,,1
,,1
,,1
,,1
,,1
,,1
,,1
,,1
,,1
,,1
,,1
,,1
,,1
,,1
,,1
,,1
,,1
,,1
,,1
,,1
,,1
,,1
,,1
,,1
,,1
,,1
,,1
,,1
,,1
,,1
,,1
,,1
,,1
,,1
,,1
,,1
,,1
,,1
,,1
,,1
,,1
,,1
,,1
,,1
,,1
,,1
,,1
,,1
,,1
,,1
,,1
,,1
,,1
,,1
,,1
,,1
,,1
,,1
,,1
,,1
,,1
,,1
,,1
,,1
,,1
,,1
,,1
,,1
,,1
,,1
,,1
,,1
,,1
,,1
,,1
,,1
,,1
,,1
,,1
,,1
,,1
,,1
,,1
,,1
,,1
,,1
,,1
,,1
,,1
,,1
,,1
,,1
,,1
,,1
,,1
,,1
,,1
,,1
,,1
,,1
,,1
,,1
,,1
,,1
,,1
,,1
,,1
,,1
,,1
,,1
,,1
,,1
,,1
,,1
,,1
,,1
,,1
,,1
,,1
,,1
,,1
,,1
,,1
,,1
,,1
,,1
,,1
,,1
,,1
,,1
,,1
,,1
,,1
,,1
,,1
,,1
,,1
,,1
,,1
,,1
,,1
,,1
,,1
,,1
,,1
,,1
,,1
,,1
,,1
,,1
,,1
,,1
,,1
,,1
,,1
,,1
,,1
,,1
,,1
,,1
,,1
,,1
,,1
,,1
,,1
,,1
,,1
,,1
,,1
,,1
,,1
,,1
,,1
,,1
,,1
,,1
,,1
,,1
,,1
,,1
,,1
,,1
,,1
,,1
,,1
,,1
,,1
,,1
,,1
,,1
,,1
,,1
,,1
,,1
,,1
,,1
,,1
,,1
,,1
,,1
,,1
,,1
,,1
,,1
,,1
,,1
,,1
,,1
,,1
,,1
,,1
,,1
,,1
,,1
,,1
,,1
,,1
,,1
,,1
,,1
,,1
,,1
,,1
,,1
,,1
,,1
,,1
,,1
,,1
,,1
,,1
,,1
,,1
,,1
,,1
,,1
,,1
,,1
,,1
,,1
,,1
,,1
,,1
,,1
,,1
,,1
,,1
,,1
,,1
,,1
,,1
,,1
,,1
,,1
,,1
,,1
,,1
,,1
,,1
,,1
,,1
,,1
,,1
,,1
,,1
,,1
,,1
,,1
,,1
,,1
,,1
,,1
,,1
,,1
,,1
,,1
,,1
,,1
,,1
,,1
,,1
,,1
,,1
,,1
,,1
,,1
,,1
,,1
,,1
,,1
,,1
,,1
,,1
,,1
,,1
,,1
,,1
,,1
,,1
,,1
,,1
,,1
,,1
,,1
,,1
,,1
,,1
,,1
,,1
,,1
,,1
,,1
,,1
,,1
,,1
,,1
,,1
,,1
,,1
,,1
,,1
,,1
,,1
,,1
,,1
,,1
,,1
,,1
,,1
,,1
,,1
,,1
,,1
,,1
,,1
,,1
,,1
,,1
,,1
,,1
,,1
,,1
,,1
,,1
,,1
,,1
,,1
,,1
,,1
,,1
,,1
,,1
,,1
,,1
,,1
,,1
,,1
,,1
,,1
,,1
,,1
,,1
,,1
,,1
,,1
,,1
,,1
,,1
,,1
,,1
,,1
,,1
,,1
,,1
,,1
,,1
,,1
,,1
,,1
,,1
,,1
,,1
,,1
,,1
,,1
,,1
,,1
,,1
,,1
,,1
,,1
,,1
,,1
,,1
,,1
,,1
,,1
,,1
,,1
,,1
,,1
,,1
,,1
,,1
,,1
,,1
,,1
,,1
,,1
,,1
,,1
,,1
,,1
,,1
,,1
,,1
,,1
,,1
,,1
,,1
,,1
,,1
,,1
,,1
,,1
,,1
,,1
,,1
,,1
,,1
,,1
,,1
,,1
,,1
,,1
,,1
,,1
,,1
,,1
,,1
,,1
,,1
,,1
,,1
,,1
,,1
,,1
,,1
,,1
,,1
,,1
,,1
,,1
,,1
,,1
,,1
,,1
,,1
,,1
,,1
,,1
,,1
,,1
,,1
,,1
,,1
,,1
,,1
,,1
,,1
,,1
,,1
,,1
,,1
,,1
,,1
,,1
,,1
,,1
,,1
,,1
,,1
,,1
,,1
,,1
,,1
,,1
,,1
,,1
,,1
,,1
,,1
,,1
,,1
,,1
,,1
,,1
,,1
,,1
,,1
,,1
,,1
,,1
,,1
,,1
,,1
,,1
,,1
,,1
,,1
,,1
,,1
,,1
,,1
,,1
,,1
,,1
,,1
,,1
,,1
,,1
,,1
,,1
,,1
,,1
,,1
,,1
,,1
,,1
,,1
,,1
,,1
,,1
,,1
,,1
,,1
,,1
,,1
,,1
,,1
,,1
,,1
,,1
,,1
,,1
,,1
,,1
,,1
,,1
,,1
,,1
,,1
,,1
,,1
,,1
,,1
,,1
,,1
,,1
,,1
,,1
,,1
,,1
,,1
,,1
,,1
,,1
,,1
,,1
,,1
,,1
,,1
,,1
,,1
,,1
,,1
,,1
,,1
,,1
,,1
,,1
,,1
,,1
,,1
,,1
,,1
,,1
,,1
,,1
,,1
,,1
,,1
,,1
,,1
,,1
,,1
,,1
,,1
,,1
,,1
,,1
,,1
,,1
,,1
,,1
,,1
,,1
,,1
,,1
,,1
,,1
,,1
,,1
,,1
,,1
,,1
,,1
,,1
,,1
,,1
,,1
,,1
,,1
,,1
,,1
,,1
,,1
,,1
,,1
,,1
,,1
,,1
,,1
,,1
,,1
,,1
,,1
,,1
,,1
,,1
,,1
,,1
,,1
,,1
,,1
,,1
,,1
,,1
,,1
,,1
,,1
,,1
,,1
,,1
,,1
,,1
,,1
,,1
,,1
,,1
,,1
,,1
,,1
,,1
,,1
,,1
,,1
,,1
,,1
,,1
,,1
,,1
,,1
,,1
,,1
,,1
,,1
,,1
,,1
,,1
,,1
,,1
,,1
,,1
,,1
,,1
,,1
,,1
,,1
,,1
,,1
,,1
,,1
,,1
,,1
,,1
,,1
,,1
,,1
,,1
,,1
,,1
,,1
,,1
,,1
,,1
,,1
,,1
,,1
,,1
,,1
,,1
,,1
,,1
,,1
,,1
,,1
,,1
,,1
,,1
,,1
,,1
,,1
,,1
,,1
,,1
,,1
,,1
,,1
,,1
,,1
,,1
,,1
,,1
,,1
,,1
,,1
,,1
,,1
,,1
,,1
,,1
,,1
,,1
,,1
,,1
,,1
,,1
,,1
,,1
,,1
,,1
,,1
,,1
,,1
,,1
,,1
,,1
,,1
,,1
,,1
,,1
,,1
,,1
,,1
,,1
,,1
,,1
,,1
,,1
,,1
,,1
,,1
,,1
,,1
,,1
,,1
,,1
,,1
,,1
,,1
,,1
,,1
,,1
,,1
,,1
,,1
,,1
,,1
,,1
,,1
,,1
,,1
,,1
,,1
,,1
,,1
,,1
,,1
,,1
,,1
,,1
,,1
,,1
,,1
,,1
,,1
,,1
,,1
,,1
,,1
,,1
,,1
,,1
,,1
,,1
,,1
,,1
,,1
,,1
,,1
,,1
,,1
,,1
,,1
,,1
,,1
,,1
,,1
,,1
,,1
,,1
,,1
,,1
,,1
,,1
,,1
,,1
,,1
,,1
,,1
,,1
,,1
,,1
,,1
,,1
,,1
,,1
,,1
,,1
,,1
,,1
,,1
,,1
,,1
,,1
,,1
,,1
,,1
,,1
,,1
,,1
,,1
,,1
,,1
,,1
,,1
,,1
,,1
,,1
,,1
,,1
,,1
,,1
,,1
,,1
,,1
,,1
,,1
,,1
,,1
,,1
,,1
,,1
,,1
,,1
,,1
,,1
,,1
,,1
,,1
,,1
,,1
,,1
,,1
,,1
,,1
,,1
,,1
,,1
,,1
,,1
,,1
,,1
,,1
,,1
,,1
,,1
,,1
,,1
,,1
,,1
,,1
,,1
,,1
,,1
,,1
,,1
,,1
,,1
,,1
,,1
,,1
,,1
,,1
,,1
,,1
,,1
,,1
,,1
,,1
,,1
,,1
,,1
,,1
,,1
,,1
,,1
,,1
,,1
,,1
,,1
,,1
,,1
,,1
,,1
,,1
,,1
,,1
,,1
,,1
,,1
,,1
,,1
,,1
,,1
,,1
,,1
,,1
,,1
,,1
,,1
,,1
,,1
,,1
,,1
,,1
,,1
,,1
,,1
,,1
,,1
,,1
,,1
,,1
,,1
,,1
,,1
,,1
,,1
,,1
,,1
,,1
,,1
,,1
,,1
,,1
,,1
,,1
,,1
,,1
,,1
,,1
,,1
,,1
,,1
,,1
,,1
,,1
,,1
,,1
,,1
,,1
,,1
,,1
,,1
,,1
,,1
,,1
,,1
,,1
,,1
,,1
,,1
,,1
,,1
,,1
,,1
,,1
,,1
,,1
,,1
,,1
,,1
,,1
,,1
,,1
,,1
,,1
,,1
,,1
,,1
,,1
,,1
,,1
,,1
,,1
,,1
,,1
,,1
,,1
,,1
,,1
,,1
,,1
,,1
,,1
,,1
,,1
,,1
,,1
,,1
,,1
,,1
,,1
,,1
,,1
,,1
,,1
,,1
,,1
,,1
,,1
,,1
,,1
,,1
,,1
,,1
,,1
,,1
,,1
,,1
,,1
,,1
,,1
,,1
,,1
,,1
,,1
,,1
,,1
,,1
,,1
,,1
,,1
,,1
,,1
,,1
,,1
,,1
,,1
,,1
,,1
,,1
,,1
,,1
,,1
,,1
,,1
,,1
,,1
,,1
,,1
,,1
,,1
,,1
,,1
,,1
,,1
,,1
,,1
,,1
,,1
,,1
,,1
,,1
,,1
,,1
,,1
,,1
,,1
,,1
,,1
,,1
,,1
,,1
,,1
,,1
,,1
,,1
,,1
,,1
,,1
,,1
,,1
,,1
,,1
,,1
,,1
,,1
,,1
,,1
,,1
,,1
,,1
,,1
,,1
,,1
,,1
,,1
,,1
,,1
,,1
,,1
,,1
,,1
,,1
,,1
,,1
,,1
,,1
,,1
,,1
,,1
,,1
,,1
,,1
,,1
,,1
,,1
,,1
,,1
,,1
,,1
,,1
,,1
,,1
,,1
,,1
,,1
,,1
,,1
,,1
,,1
,,1
,,1
,,1
,,1
,,1
,,1
,,1
,,1
,,1
,,1
,,1
,,1
,,1
,,1
,,1
,,1
,,1
,,1
,,1
,,1
,,1
,,1
,,1
,,1
,,1
,,1
,,1
,,1
,,1
,,1
,,1
,,1
,,1
,,1
,,1
,,1
,,1
,,1
,,1
,,1
,,1
,,1
,,1
,,1
,,1
,,1
,,1
,,1
,,1
,,1
,,1
,,1
,,1
,,1
,,1
,,1
,,1
,,1
,,1
,,1
,,1
,,1
,,1
,,1
,,1
,,1
,,1
,,1
,,1
,,1
,,1
,,1
,,1
,,1
,,1
,,1
,,1
,,1
,,1
,,1
,,1
,,1
,,1
,,1
,,1
,,1
,,1
,,1
,,1
,,1
,,1
,,1
,,1
,,1
,,1
,,1
,,1
,,1
,,1
,,1
,,1
,,1
,,1
,,1
,,1
,,1
,,1
,,1
,,1
,,1
,,1
,,1
,,1
,,1
,,1
,,1
,,1
,,1
,,1
,,1
,,1
,,1
,,1
,,1
,,1
,,1
,,1
,,1
,,1
,,1
,,1
,,1
,,1
,,1
,,1
,,1
,,1
,,1
,,1
,,1
,,1
,,1
,,1
,,1
,,1
,,1
,,1
,,1
,,1
,,1
,,1
,,1
,,1
,,1
,,1
,,1
,,1
,,1
,,1
,,1
,,1
,,1
,,1
,,1
,,1
,,1
,,1
,,1
,,1
,,1
,,1
,,1
,,1
,,1
,,1
,,1
,,1
,,1
,,1
,,1
,,1
,,1
,,1
,,1
,,1
,,1
,,1
,,1
,,1
,,1
,,1
,,1
,,1
,,1
,,1
,,1
,,1
,,1
,,1
,,1
,,1
,,1
,,1
,,1
,,1
,,1
,,1
,,1
,,1
,,1
,,1
,,1
,,1
,,1
,,1
,,1
,,1
,,1
,,1
,,1
,,1
,,1
,,1
,,1
,,1
,,1
,,1
,,1
,,1
,,1
,,1
,,1
,,1
,,1
,,1
,,1
,,1
,,1
,,1
,,1
,,1
,,1
,,1
,,1
,,1
,,1
,,1
,,1
,,1
,,1
,,1
,,1
,,1
,,1
,,1
,,1
,,1
,,1
,,1
,,1
,,1
,,1
,,1
,,1
,,1
,,1
,,1
,,1
,,1
,,1
,,1
,,1
,,1
,,1
,,1
,,1
,,1
,,1
,,1
,,1
,,1
,,1
,,1
,,1
,,1
,,1
,,1
,,1
,,1
,,1
,,1
,,1
,,1
,,1
,,1
,,1
,,1
,,1
,,1
,,1
,,1
,,1
,,1
,,1
,,1
,,1
,,1
,,1
,,1
,,1
,,1
,,1
,,1
,,1
,,1
,,1
,,1
,,1
,,1
,,1
,,1
,,1
,,1
,,1
,,1
,,1
,,1
,,1
,,1
,,1
,,1
,,1
,,1
,,1
,,1
,,1
,,1
,,1
,,1
,,1
,,1
,,1
,,1
,,1
,,1
,,1
,,1
,,1
,,1
,,1
,,1
,,1
,,1
,,1
,,1
,,1
,,1
,,1
,,1
,,1
,,1
,,1
,,1
,,1
,,1
,,1
,,1
,,1
,,1
,,1
,,1
,,1
,,1
,,1
,,1
,,1
,,1
,,1
,,1
,,1
,,1
,,1
,,1
,,1
,,1
,,1
,,1
,,1
,,1
,,1
,,1
,,1
,,1
,,1
,,1
,,1
,,1
,,1
,,1
,,1
,,1
,,1
,,1
,,1
,,1
,,1
,,1
,,1
,,1
,,1
,,1
,,1
,,1
,,1
,,1
,,1
,,1
,,1
,,1
,,1
,,1
,,1
,,1
,,1
,,1
,,1
,,1
,,1
,,1
,,1
,,1
,,1
,,1
,,1
,,1
,,1
,,1
,,1
,,1
,,1
,,1
,,1
,,1
,,1
,,1
,,1
,,1
,,1
,,1
,,1
,,1
,,1
,,1
,,1
,,1
,,1
,,1
,,1
,,1
,,1
,,1
,,1
,,1
,,1
,,1
,,1
,,1
,,1
,,1
,,1
,,1
,,1
,,1
,,1
,,1
,,1
,,1
,,1
,,1
,,1
,,1
,,1
,,1
,,1
,,1
,,1
,,1
,,1
,,1
,,1
,,1
,,1
,,1
,,1
,,1
,,1
,,1
,,1
,,1
,,1
,,1
,,1
,,1
,,1
,,1
,,1
,,1
,,1
,,1
,,1
,,1
,,1
,,1
,,1
,,1
,,1
,,1
,,1
,,1
,,1
,,1
,,1
,,1
,,1
,,1
,,1
,,1
,,1
,,1
,,1
,,1
,,1
,,1
,,1
,,1
,,1
,,1
,,1
,,1
,,1
,,1
,,1
,,1
,,1
,,1
,,1
,,1
,,1
,,1
,,1
,,1
,,1
,,1
,,1
,,1
,,1
,,1
,,1
,,1
,,1
,,1
,,1
,,1
,,1
,,1
,,1
,,1
,,1
,,1
,,1
,,1
,,1
,,1
,,1
,,1
,,1
,,1
,,1
,,1
,,1
,,1
,,1
,,1
,,1
,,1
,,1
,,1
,,1
,,1
,,1
,,1
,,1
,,1
,,1
,,1
,,1
,,1
,,1
,,1
,,1
,,1
,,1
,,1
,,1
,,1
,,1
,,1
,,1
,,1
,,1
,,1
,,1
,,1
,,1
,,1
,,1
,,1
,,1
,,1
,,1
,,1
,,1
,,1
,,1
,,1
,,1
,,1
,,1
,,1
,,1
,,1
,,1
,,1
,,1
,,1
,,1
,,1
,,1
,,1
,,1
,,1
,,1
,,1
,,1
,,1
,,1
,,1
,,1
,,1
,,1
,,1
,,1
,,1
,,1
,,1
,,1
,,1
,,1
,,1
,,1
,,1
,,1
,,1
,,1
,,1
,,1
,,1
,,1
,,1
,,1
,,1
,,1
,,1
,,1
,,1
,,1
,,1
,,1
,,1
,,1
,,1
,,1
,,1
,,1
,,1
,,1
,,1
,,1
,,1
,,1
,,1
,,1
,,1
,,1
,,1
,,1
,,1
,,1
,,1
,,1
,,1
,,1
,,1
,,1
,,1
,,1
,,1
,,1
,,1
,,1
,,1
,,1
,,1
,,1
,,1
,,1
,,1
,,1
,,1
,,1
,,1
,,1
,,1
,,1
,,1
,,1
,,1
,,1
,,1
,,1
,,1
,,1
,,1
,,1
,,1
,,1
,,1
,,1
,,1
,,1
,,1
,,1
,,1
,,1
,,1
,,1
,,1
,,1
,,1
,,1
,,1
,,1
,,1
,,1
,,1
,,1
,,1
,,1
,,1
,,1
,,1
,,1
,,1
,,1
,,1
,,1
,,1
,,1
,,1
,,1
,,1
,,1
,,1
,,1
,,1
,,1
,,1
,,1
,,1
,,1
,,1
,,1
,,1
,,1
,,1
,,1
,,1
,,1
,,1
,,1
,,1
,,1
,,1
,,1
,,1
,,1
,,1
,,1
,,1
,,1
,,1
,,1
,,1
,,1
,,1
,,1
,,1
,,1
,,1
,,1
,,1
,,1
,,1
,,1
,,1
,,1
,,1
,,1
,,1
,,1
,,1
,,1
,,1
,,1
,,1
,,1
,,1
,,1
,,1
,,1
,,1
,,1
,,1
,,1
,,1
,,1
,,1
,,1
,,1
,,1
,,1
,,1
,,1
,,1
,,1
,,1
,,1
,,1
,,1
,,1
,,1
,,1
,,1
,,1
,,1
,,1
,,1
,,1
,,1
,,1
,,1
,,1
,,1
,,1
,,1
,,1
,,1
,,1
,,1
,,1
,,1
,,1
,,1
,,1
,,1
,,1
,,1
,,1
,,1
,,1
,,1
,,1
,,1
,,1
,,1
,,1
,,1
,,1
,,1
,,1
,,1
,,1
,,1
,,1
,,1
,,1
,,1
,,1
,,1
,,1
,,1
,,1
,,1
,,1
,,1
,,1
,,1
,,1
,,1
,,1
,,1
,,1
,,1
,,1
,,1
,,1
,,1
,,1
,,1
,,1
,,1
,,1
,,1
,,1
,,1
,,1
,,1
,,1
,,1
,,1
,,1
,,1
,,1
,,1
,,1
,,1
,,1
,,1
,,1
,,1
,,1
,,1
,,1
,,1
,,1
,,1
,,1
,,1
,,1
,,1
,,1
,,1
,,1
,,1
,,1
,,1
,,1
,,1
,,1
,,1
,,1
,,1
,,1
,,1
,,1
,,1
,,1
,,1
,,1
,,1
,,1
,,1
,,1
,,1
,,1
,,1
,,1
,,1
,,1
,,1
,,1
,,1
,,1
,,1
,,1
,,1
,,1
,,1
,,1
,,1
,,1
,,1
,,1
,,1
,,1
,,1
,,1
,,1
,,1
,,1
,,1
,,1
,,1
,,1
,,1
,,1
,,1
,,1
,,1
,,1
,,1
,,1
,,1
,,1
,,1
,,1
,,1
,,1
,,1
,,1
,,1
,,1
,,1
,,1
,,1
,,1
,,1
,,1
,,1
,,1
,,1
,,1
,,1
,,1
,,1
,,1
,,1
,,1
,,1
,,1
,,1
,,1
,,1
,,1
,,1
,,1
,,1
,,1
,,1
,,1
,,1
,,1
,,1
,,1
,,1
,,1
,,1
,,1
,,1
,,1
,,1
,,1
,,1
,,1
,,1
,,1
,,1
,,1
,,1
,,1
,,1
,,1
,,1
,,1
,,1
,,1
,,1
,,1
,,1
,,1
,,1
,,1
,,1
,,1
,,1
,,1
,,1
,,1
,,1
,,1
,,1
,,1
,,1
,,1
,,1
,,1
,,1
,,1
,,1
,,1
,,1
,,1
,,1
,,1
,,1
,,1
,,1
,,1
,,1
,,1
,,1
,,1
,,1
,,1
,,1
,,1
,,1
,,1
,,1
,,1
,,1
,,1
,,1
,,1
,,1
,,1
,,1
,,1
,,1
,,1
,,1
,,1
,,1
,,1
,,1
,,1
,,1
,,1
,,1
,,1
,,1
,,1
,,1
,,1
,,1
,,1
,,1
,,1
,,1
,,1
,,1
,,1
,,1
,,1
,,1
,,1
,,1
,,1
,,1
,,1
,,1
,,1
,,1
,,1
,,1
,,1
,,1
,,1
,,1
,,1
,,1
,,1
,,1
,,1
,,1
,,1
,,1
,,1
,,1
,,1
,,1
,,1
,,1
,,1
,,1
,,1
,,1
,,1
,,1
,,1
,,1
,,1
,,1
,,1
,,1
,,1
,,1
,,1
,,1
,,1
,,1
,,1
,,1
,,1
,,1
,,1
,,1
,,1
,,1
,,1
,,1
,,1
,,1
,,1
,,1
,,1
,,1
,,1
,,1
,,1
,,1
,,1
,,1
,,1
,,1
,,1
,,1
,,1
,,1
,,1
,,1
,,1
,,1
,,1
,,1
,,1
,,1
,,1
,,1
,,1
,,1
,,1
,,1
,,1
,,1
,,1
,,1
,,1
,,1
,,1
,,1
,,1
,,1
,,1
,,1
,,1
,,1
,,1
,,1
,,1
,,1
,,1
,,1
,,1
,,1
,,1
,,1
,,1
,,1
,,1
,,1
,,1
,,1
,,1
,,1
,,1
,,1
,,1
,,1
,,1
,,1
,,1
,,1
,,1
,,1
,,1
,,1
,,1
,,1
,,1
,,1
,,1
,,1
,,1
,,1
,,1
,,1
,,1
,,1
,,1
,,1
,,1
,,1
,,1
,,1
,,1
,,1
,,1
,,1
,,1
,,1
,,1
,,1
,,1
,,1
,,1
,,1
,,1
,,1
,,1
,,1
,,1
,,1
,,1
,,1
,,1
,,1
,,1
,,1
,,1
,,1
,,1
,,1
,,1
,,1
,,1
,,1
,,1
,,1
,,1
,,1
,,1
,,1
,,1
,,1
,,1
,,1
,,1
,,1
,,1
,,1
,,1
,,1
,,1
,,1
,,1
,,1
,,1
,,1
,,1
,,1
,,1
,,1
,,1
,,1
,,1
,,1
,,1
,,1
,,1
,,1
,,1
,,1
,,1
,,1
,,1
,,1
,,1
,,1
,,1
,,1
,,1
,,1
,,1
,,1
,,1
,,1
,,1
,,1
,,1
,,1
,,1
,,1
,,1
,,1
,,1
,,1
,,1
,,1
,,1
,,1
,,1
,,1
,,1
,,1
,,1
,,1
,,1
,,1
,,1
,,1
,,1
,,1
,,1
,,1
,,1
,,1
,,1
,,1
,,1
,,1
,,1
,,1
,,1
,,1
,,1
,,1
,,1
,,1
,,1
,,1
,,1
,,1
,,1
,,1
,,1
,,1
,,1
,,1
,,1
,,1
,,1
,,1
,,1
,,1
,,1
,,1
,,1
,,1
,,1
,,1
,,1
,,1
,,1
,,1
,,1
,,1
,,1
,,1
,,1
,,1
,,1
,,1
,,1
,,1
,,1
,,1
,,1
,,1
,,1
,,1
,,1
,,1
,,1
,,1
,,1
,,1
,,1
,,1
,,1
,,1
,,1
,,1
,,1
,,1
,,1
,,1
,,1
,,1
,,1
,,1
,,1
,,1
,,1
,,1
,,1
,,1
,,1
,,1
,,1
,,1
,,1
,,1
,,1
,,1
,,1
,,1
,,1
,,1
,,1
,,1
,,1
,,1
,,1
,,1
,,1
,,1
,,1
,,1
,,1
,,1
,,1
,,1
,,1
,,1
,,1
,,1
,,1
,,1
,,1
,,1
,,1
,,1
,,1
,,1
,,1
,,1
,,1
,,1
,,1
,,1
,,1
,,1
,,1
,,1
,,1
,,1
,,1
,,1
,,1
,,1
,,1
,,1
,,1
,,1
,,1
,,1
,,1
,,1
,,1
,,1
,,1
,,1
,,1
,,1
,,1
,,1
,,1
,,1
,,1
,,1
,,1
,,1
,,1
,,1
,,1
,,1
,,1
,,1
,,1
,,1
,,1
,,1
,,1
,,1
,,1
,,1
,,1
,,1
,,1
,,1
,,1
,,1
,,1
,,1
,,1
,,1
,,1
,,1
,,1
,,1
,,1
,,1
,,1
,,1
,,1
,,1
,,1
,,1
,,1
,,1
,,1
,,1
,,1
,,1
,,1
,,1
,,1
,,1
,,1
,,1
,,1
,,1
,,1
,,1
,,1
,,1
,,1
,,1
,,1
,,1
,,1
,,1
,,1
,,1
,,1
,,1
,,1
,,1
,,1
,,1
,,1
,,1
,,1
,,1
,,1
,,1
,,1
,,1
,,1
,,1
,,1
,,1
,,1
,,1
,,1
,,1
,,1
,,1
,,1
,,1
,,1
,,1
,,1
,,1
,,1
,,1
,,1
,,1
,,1
,,1
,,1
,,1
,,1
,,1
,,1
,,1
,,1
,,1
,,1
,,1
,,1
,,1
,,1
,,1
,,1
,,1
,,1
,,1
,,1
,,1
,,1
,,1
,,1
,,1
,,1
,,1
,,1
,,1
,,1
,,1
,,1
,,1
,,1
,,1
,,1
,,1
,,1
,,1
,,1
,,1
,,1
,,1
,,1
,,1
,,1
,,1
,,1
,,1
,,1
,,1
,,1
,,1
,,1
,,1
,,1
,,1
,,1
,,1
,,1
,,1
,,1
,,1
,,1
,,1
,,1
,,1
,,1
,,1
,,1
,,1
,,1
,,1
,,1
,,1
,,1
,,1
,,1
,,1
,,1
,,1
,,1
,,1
,,1
,,1
,,1
,,1
,,1
,,1
,,1
,,1
,,1
,,1
,,1
,,1
,,1
,,1
,,1
,,1
,,1
,,1
,,1
,,1
,,1
,,1
,,1
,,1
,,1
,,1
,,1
,,1
,,1
,,1
,,1
,,1
,,1
,,1
,,1
,,1
,,1
,,1
,,1
,,1
,,1
,,1
,,1
,,1
,,1
,,1
,,1
,,1
,,1
,,1
,,1
,,1
,,1
,,1
,,1
,,1
,,1
,,1
,,1
,,1
,,1
,,1
,,1
,,1
,,1
,,1
,,1
,,1
,,1
,,1
,,1
,,1
,,1
,,1
,,1
,,1
,,1
,,1
,,1
,,1
,,1
,,1
,,1
,,1
,,1
,,1
,,1
,,1
,,1
,,1
,,1
,,1
,,1
,,1
,,1
,,1
,,1
,,1
,,1
,,1
,,1
,,1
,,1
,,1
,,1
,,1
,,1
,,1
,,1
,,1
,,1
,,1
,,1
,,1
,,1
,,1
,,1
,,1
,,1
,,1
,,1
,,1
,,1
,,1
,,1
,,1
,,1
,,1
,,1
,,1
,,1
,,1
,,1
,,1
,,1
,,1
,,1
,,1
,,1
,,1
,,1
,,1
,,1
,,1
,,1
,,1
,,1
,,1
,,1
,,1
,,1
,,1
,,1
,,1
,,1
,,1
,,1
,,1
,,1
,,1
,,1
,,1
,,1
,,1
,,1
,,1
,,1
,,1
,,1
,,1
,,1
,,1
,,1
,,1
,,1
,,1
,,1
,,1
,,1
,,1
,,1
,,1
,,1
,,1
,,1
,,1
,,1
,,1
,,1
,,1
,,1
,,1
,,1
,,1
,,1
,,1
,,1
,,1
,,1
,,1
,,1
,,1
,,1
,,1
,,1
,,1
,,1
,,1
,,1
,,1
,,1
,,1
,,1
,,1
,,1
,,1
,,1
,,1
,,1
,,1
,,1
,,1
,,1
,,1
,,1
,,1
,,1
,,1
,,1
,,1
,,1
,,1
,,1
,,1
,,1
,,1
,,1
,,1
,,1
,,1
,,1
,,1
,,1
,,1
,,1
,,1
,,1
,,1
,,1
,,1
,,1
,,1
,,1
,,1
,,1
,,1
,,1
,,1
,,1
,,1
,,1
,,1
,,1
,,1
,,1
,,1
,,1
,,1
,,1
,,1
,,1
,,1
,,1
,,1
,,1
,,1
,,1
,,1
,,1
,,1
,,1
,,1
,,1
,,1
,,1
,,1
,,1
,,1
,,1
,,1
,,1
,,1
,,1
,,1
,,1
,,1
,,1
,,1
,,1
,,1
,,1
,,1
,,1
,,1
,,1
,,1
,,1
,,1
,,1
,,1
,,1
,,1
,,1
,,1
,,1
,,1
,,1
,,1
,,1
,,1
,,1
,,1
,,1
,,1
,,1
,,1
,,1
,,1
,,1
,,1
,,1
,,1
,,1
,,1
,,1
,,1
,,1
,,1
,,1
,,1
,,1
,,1
,,1
,,1
,,1
,,1
,,1
,,1
,,1
,,1
,,1
,,1
,,1
,,1
,,1
,,1
,,1
,,1
,,1
,,1
,,1
,,1
,,1
,,1
,,1
,,1
,,1
,,1
,,1
,,1
,,1
,,1
,,1
,,1
,,1
,,1
,,1
,,1
,,1
,,1
,,1
,,1
,,1
,,1
,,1
,,1
,,1
,,1
,,1
,,1
,,1
,,1
,,1
,,1
,,1
,,1
,,1
,,1
,,1
,,1
,,1
,,1
,,1
,,1
,,1
,,1
,,1
,,1
,,1
,,1
,,1
,,1
,,1
,,1
,,1
,,1
,,1
,,1
,,1
,,1
,,1
,,1
,,1
,,1
,,1
,,1
,,1
,,1
,,1
,,1
,,1
,,1
,,1
,,1
,,1
,,1
,,1
,,1
,,1
,,1
,,1
,,1
,,1
,,1
,,1
,,1
,,1
,,1
,,1
,,1
,,1
,,1
,,1
,,1
,,1
,,1
,,1
,,1
,,1
,,1
,,1
,,1
,,1
,,1
,,1
,,1
,,1
,,1
,,1
,,1
,,1
,,1
,,1
,,1
,,1
,,1
,,1
,,1
,,1
,,1
,,1
,,1
,,1
,,1
,,1
,,1
,,1
,,1
,,1
,,1
,,1
,,1
,,1
,,1
,,1
,,1
,,1
,,1
,,1
,,1
,,1
,,1
,,1
,,1
,,1
,,1
,,1
,,1
,,1
,,1
,,1
,,1
,,1
,,1
,,1
,,1
,,1
,,1
,,1
,,1
,,1
,,1
,,1
,,1
,,1
,,1
,,1
,,1
,,1
,,1
,,1
,,1
,,1
,,1
,,1
,,1
,,1
,,1
,,1
,,1
,,1
,,1
,,1
,,1
,,1
,,1
,,1
,,1
,,1
,,1
,,1
,,1
,,1
,,1
,,1
,,1
,,1
,,1
,,1
,,1
,,1
,,1
,,1
,,1
,,1
,,1
,,1
,,1
,,1
,,1
,,1
,,1
,,1
,,1
,,1
,,1
,,1
,,1
,,1
,,1
,,1
,,1
,,1
,,1
,,1
,,1
,,1
,,1
,,1
,,1
,,1
,,1
,,1
,,1
,,1
,,1
,,1
,,1
,,1
,,1
,,1
,,1
,,1
,,1
,,1
,,1
,,1
,,1
,,1
,,1
,,1
,,1
,,1
,,1
,,1
,,1
,,1
,,1
,,1
,,1
,,1
,,1
,,1
,,1
,,1
,,1
,,1
,,1
,,1
,,1
,,1
,,1
,,1
,,1
,,1
,,1
,,1
,,1
,,1
,,1
,,1
,,1
,,1
,,1
,,1
,,1
,,1
,,1
,,1
,,1
,,1
,,1
,,1
,,1
,,1
,,1
,,1
,,1
,,1
,,1
,,1
,,1
,,1
,,1
,,1
,,1
,,1
,,1
,,1
,,1
,,1
,,1
,,1
,,1
,,1
,,1
,,1
,,1
,,1
,,1
,,1
,,1
,,1
,,1
,,1
,,1
,,1
,,1
,,1
,,1
,,1
,,1
,,1
,,1
,,1
,,1
,,1
,,1
,,1
,,1
,,1
,,1
,,1
,,1
,,1
,,1
,,1
,,1
,,1
,,1
,,1
,,1
,,1
,,1
,,1
,,1
,,1
,,1
,,1
,,1
,,1
,,1
,,1
,,1
,,1
,,1
,,1
,,1
,,1
,,1
,,1
,,1
,,1
,,1
,,1
,,1
,,1
,,1
,,1
,,1
,,1
,,1
,,1
,,1
,,1
,,1
,,1
,,1
,,1
,,1
,,1
,,1
,,1
,,1
,,1
,,1
,,1
,,1
,,1
,,1
,,1
,,1
,,1
,,1
,,1
,,1
,,1
,,1
,,1
,,1
,,1
,,1
,,1
,,1
,,1
,,1
,,1
,,1
,,1
,,1
,,1
,,1
,,1
,,1
,,1
,,1
,,1
,,1
,,1
,,1
,,1
,,1
,,1
,,1
,,1
,,1
,,1
,,1
,,1
,,1
,,1
,,1
,,1
,,1
,,1
,,1
,,1
,,1
,,1
,,1
,,1
,,1
,,1
,,1
,,1
,,1
,,1
,,1
,,1
,,1
,,1
,,1
,,1
,,1
,,1
,,1
,,1
,,1
,,1
,,1
,,1
,,1
,,1
,,1
,,1
,,1
,,1
,,1
,,1
,,1
,,1
,,1
,,1
,,1
,,1
,,1
,,1
,,1
,,1
,,1
,,1
,,1
,,1
,,1
,,1
,,1
,,1
,,1
,,1
,,1
,,1
,,1
,,1
,,1
,,1
,,1
,,1
,,1
,,1
,,1
,,1
,,1
,,1
,,1
,,1
,,1
,,1
,,1
,,1
,,1
,,1
,,1
,,1
,,1
,,1
,,1
,,1
,,1
,,1
,,1
,,1
,,1
,,1
,,1
,,1
,,1
,,1
,,1
,,1
,,1
,,1
,,1
,,1
,,1
,,1
,,1
,,1
,,1
,,1
,,1
,,1
,,1
,,1
,,1
,,1
,,1
,,1
,,1
,,1
,,1
,,1
,,1
,,1
,,1
,,1
,,1
,,1
,,1
,,1
,,1
,,1
,,1
,,1
,,1
,,1
,,1
,,1
,,1
,,1
,,1
,,1
,,1
,,1
,,1
,,1
,,1
,,1
,,1
,,1
,,1
,,1
,,1
,,1
,,1
,,1
,,1
,,1
,,1
,,1
,,1
,,1
,,1
,,1
,,1
,,1
,,1
,,1
,,1
,,1
,,1
,,1
,,1
,,1
,,1
,,1
,,1
,,1
,,1
,,1
,,1
,,1
,,1
,,1
,,1
,,1
,,1
,,1
,,1
,,1
,,1
,,1
,,1
,,1
,,1
,,1
,,1
,,1
,,1
,,1
,,1
,,1
,,1
,,1
,,1
,,1
,,1
,,1
,,1
,,1
,,1
,,1
,,1
,,1
,,1
,,1
,,1
,,1
,,1
,,1
,,1
,,1
,,1
,,1
,,1
,,1
,,1
,,1
,,1
,,1
,,1
,,1
,,1
,,1
,,1
,,1
,,1
,,1
,,1
,,1
,,1
,,1
,,1
,,1
,,1
,,1
,,1
,,1
,,1
,,1
,,1
,,1
,,1
,,1
,,1
,,1
,,1
,,1
,,1
,,1
,,1
,,1
,,1
,,1
,,1
,,1
,,1
,,1
,,1
,,1
,,1
,,1
,,1
,,1
,,1
,,1
,,1
,,1
,,1
,,1
,,1
,,1
,,1
,,1
,,1
,,1
,,1
,,1
,,1
,,1
,,1
,,1
,,1
,,1
,,1
,,1
,,1
,,1
,,1
,,1
,,1
,,1
,,1
,,1
,,1
,,1
,,1
,,1
,,1
,,1
,,1
,,1
,,1
,,1
,,1
,,1
,,1
,,1
,,1
,,1
,,1
,,1
,,1
,,1
,,1
,,1
,,1
,,1
,,1
,,1
,,1
,,1
,,1
,,1
,,1
,,1
,,1
,,1
,,1
,,1
,,1
,,1
,,1
,,1
,,1
,,1
,,1
,,1
,,1
,,1
,,1
,,1
,,1
,,1
,,1
,,1
,,1
,,1
,,1
,,1
,,1
,,1
,,1
,,1
,,1
,,1
,,1
,,1
,,1
,,1
,,1
,,1
,,1
,,1
,,1
,,1
,,1
,,1
,,1
,,1
,,1
,,1
,,1
,,1
,,1
,,1
,,1
,,1
,,1
,,1
,,1
,,1
,,1
,,1
,,1
,,1
,,1
,,1
,,1
,,1
,,1
,,1
,,1
,,1
,,1
,,1
,,1
,,1
,,1
,,1
,,1
,,1
,,1
,,1
,,1
,,1
,,1
,,1
,,1
,,1
,,1
,,1
,,1
,,1
,,1
,,1
,,1
,,1
,,1
,,1
,,1
,,1
,,1
,,1
,,1
,,1
,,1
,,1
,,1
,,1
,,1
,,1
,,1
,,1
,,1
,,1
,,1
,,1
,,1
,,1
,,1
,,1
,,1
,,1
,,1
,,1
,,1
,,1
,,1
,,1
,,1
,,1
,,1
,,1
,,1
,,1
,,1
,,1
,,1
,,1
,,1
,,1
,,1
,,1
,,1
,,1
,,1
,,1
,,1
,,1
,,1
,,1
,,1
,,1
,,1
,,1
,,1
,,1
,,1
,,1
,,1
,,1
,,1
,,1
,,1
,,1
,,1
,,1
,,1
,,1
,,1
,,1
,,1
,,1
,,1
,,1
,,1
,,1
,,1
,,1
,,1
,,1
,,1
,,1
,,1
,,1
,,1
,,1
,,1
,,1
,,1
,,1
,,1
,,1
,,1
,,1
,,1
,,1
,,1
,,1
,,1
,,1
,,1
,,1
,,1
,,1
,,1
,,1
,,1
,,1
,,1
,,1
,,1
,,1
,,1
,,1
,,1
,,1
,,1
,,1
,,1
,,1
,,1
,,1
,,1
,,1
,,1
,,1
,,1
,,1
,,1
,,1
,,1
,,1
,,1
,,1
,,1
,,1
,,1
,,1
,,1
,,1
,,1
,,1
,,1
,,1
,,1
,,1
,,1
,,1
,,1
,,1
,,1
,,1
,,1
,,1
,,1
,,1
,,1
,,1
,,1
,,1
,,1
,,1
,,1
,,1
,,1
,,1
,,1
,,1
,,1
,,1
,,1
,,1
,,1
,,1
,,1
,,1
,,1
,,1
,,1
,,1
,,1
,,1
,,1
,,1
,,1
,,1
,,1
,,1
,,1
,,1
,,1
,,1
,,1
,,1
,,1
,,1
,,1
,,1
,,1
,,1
,,1
,,1
,,1
,,1
,,1
,,1
,,1
,,1
,,1
,,1
,,1
,,1
,,1
,,1
,,1
,,1
,,1
,,1
,,1
,,1
,,1
,,1
,,1
,,1
,,1
,,1
,,1
,,1
,,1
,,1
,,1
,,1
,,1
,,1
,,1
,,1
,,1
,,1
,,1
,,1
,,1
,,1
,,1
,,1
,,1
,,1
,,1
,,1
,,1
,,1
,,1
,,1
,,1
,,1
,,1
,,1
,,1
,,1
,,1
,,1
,,1
,,1
,,1
,,1
,,1
,,1
,,1
,,1
,,1
,,1
,,1
,,1
,,1
,,1
,,1
,,1
,,1
,,1
,,1
,,1
,,1
,,1
,,1
,,1
,,1
,,1
,,1
,,1
,,1
,,1
,,1
,,1
,,1
,,1
,,1
,,1
,,1
,,1
,,1
,,1
,,1
,,1
,,1
,,1
,,1
,,1
,,1
,,1
,,1
,,1
,,1
,,1
,,1
,,1
,,1
,,1
,,1
,,1
,,1
,,1
,,1
,,1
,,1
,,1
,,1
,,1
,,1
,,1
,,1
,,1
,,1
,,1
,,1
,,1
,,1
,,1
,,1
,,1
,,1
,,1
,,1
,,1
,,1
,,1
,,1
,,1
,,1
,,1
,,1
,,1
,,1
,,1
,,1
,,1
,,1
,,1
,,1
,,1
,,1
,,1
,,1
,,1
,,1
,,1
,,1
,,1
,,1
,,1
,,1
,,1
,,1
,,1
,,1
,,1
,,1
,,1
,,1
,,1
,,1
,,1
,,1
,,1
,,1
,,1
,,1
,,1
,,1
,,1
,,1
,,1
,,1
,,1
,,1
,,1
,,1
,,1
,,1
,,1
,,1
,,1
,,1
,,1
,,1
,,1
,,1
,,1
,,1
,,1
,,1
,,1
,,1
,,1
,,1
,,1
,,1
,,1
,,1
,,1
,,1
,,1
,,1
,,1
,,1
,,1
,,1
,,1
,,1
,,1
,,1
,,1
,,1
,,1
,,1
,,1
,,1
,,1
,,1
,,1
,,1
,,1
,,1
,,1
,,1
,,1
,,1
,,1
,,1
,,1
,,1
,,1
,,1
,,1
,,1
,,1
,,1
,,1
,,1
,,1
,,1
,,1
,,1
,,1
,,1
,,1
,,1
,,1
,,1
,,1
,,1
,,1
,,1
,,1
,,1
,,1
,,1
,,1
,,1
,,1
,,1
,,1
,,1
,,1
,,1
,,1
,,1
,,1
,,1
,,1
,,1
,,1
,,1
,,1
,,1
,,1
,,1
,,1
,,1
,,1
,,1
,,1
,,1
,,1
,,1
,,1
,,1
,,1
,,1
,,1
,,1
,,1
,,1
,,1
,,1
,,1
,,1
,,1
,,1
,,1
,,1
,,1
,,1
,,1
,,1
,,1
,,1
,,1
,,1
,,1
,,1
,,1
,,1
,,1
,,1
,,1
,,1
,,1
,,1
,,1
,,1
,,1
,,1
,,1
,,1
,,1
,,1
,,1
,,1
,,1
,,1
,,1
,,1
,,1
,,1
,,1
,,1
,,1
,,1
,,1
,,1
,,1
,,1
,,1
,,1
,,1
,,1
,,1
,,1
,,1
,,1
,,1
,,1
,,1
,,1
,,1
,,1
,,1
,,1
,,1
,,1
,,1
,,1
,,1
,,1
,,1
,,1
,,1
,,1
,,1
,,1
,,1
,,1
,,1
,,1
,,1
,,1
,,1
,,1
,,1
,,1
,,1
,,1
,,1
,,1
,,1
,,1
,,1
,,1
,,1
,,1
,,1
,,1
,,1
,,1
,,1
,,1
,,1
,,1
,,1
,,1
,,1
,,1
,,1
,,1
,,1
,,1
,,1
,,1
,,1
,,1
,,1
,,1
,,1
,,1
,,1
,,1
,,1
,,1
,,1
,,1
,,1
,,1
,,1
,,1
,,1
,,1
,,1
,,1
,,1
,,1
,,1
,,1
,,1
,,1
,,1
,,1
,,1
,,1
,,1
,,1
,,1
,,1
,,1
,,1
,,1
,,1
,,1
,,1
,,1
,,1
,,1
,,1
,,1
,,1
,,1
,,1
,,1
,,1
,,1
,,1
,,1
,,1
,,1
,,1
,,1
,,1
,,1
,,1
,,1
,,1
,,1
,,1
,,1
,,1
,,1
,,1
,,1
,,1
,,1
,,1
,,1
,,1
,,1
,,1
,,1
,,1
,,1
,,1
,,1
,,1
,,1
,,1
,,1
,,1
,,1
,,1
,,1
,,1
,,1
,,1
,,1
,,1
,,1
,,1
,,1
,,1
,,1
,,1
,,1
,,1
,,1
,,1
,,1
,,1
,,1
,,1
,,1
,,1
,,1
,,1
,,1
,,1
,,1
,,1
,,1
,,1
,,1
,,1
,,1
,,1
,,1
,,1
,,1
,,1
,,1
,,1
,,1
,,1
,,1
,,1
,,1
,,1
,,1
,,1
,,1
,,1
,,1
,,1
,,1
,,1
,,1
,,1
,,1
,,1
,,1
,,1
,,1
,,1
,,1
,,1
,,1
,,1
,,1
,,1
,,1
,,1
,,1
,,1
,,1
,,1
,,1
,,1
,,1
,,1
,,1
,,1
,,1
,,1
,,1
,,1
,,1
,,1
,,1
,,1
,,1
,,1
,,1
,,1
,,1
,,1
,,1
,,1
,,1
,,1
,,1
,,1
,,1
,,1
,,1
,,1
,,1
,,1
,,1
,,1
,,1
,,1
,,1
,,1
,,1
,,1
,,1
,,1
,,1
,,1
,,1
,,1
,,1
,,1
,,1
,,1
,,1
,,1
,,1
,,1
,,1
,,1
,,1
,,1
,,1
,,1
,,1
,,1
,,1
,,1
,,1
,,1
,,1
,,1
,,1
,,1
,,1
,,1
,,1
,,1
,,1
,,1
,,1
,,1
,,1
,,1
,,1
,,1
,,1
,,1
,,1
,,1
,,1
,,1
,,1
,,1
,,1
,,1
,,1
,,1
,,1
,,1
,,1
,,1
,,1
,,1
,,1
,,1
,,1
,,1
,,1
,,1
,,1
,,1
,,1
,,1
,,1
,,1
,,1
,,1
,,1
,,1
,,1
,,1
,,1
,,1
,,1
,,1
,,1
,,1
,,1
,,1
,,1
,,1
,,1
,,1
,,1
,,1
,,1
,,1
,,1
,,1
,,1
,,1
,,1
,,1
,,1
,,1
,,1
,,1
,,1
,,1
,,1
,,1
,,1
,,1
,,1
,,1
,,1
,,1
,,1
,,1
,,1
,,1
,,1
,,1
,,1
,,1
,,1
,,1
,,1
,,1
,,1
,,1
,,1
,,1
,,1
,,1
,,1
,,1
,,1
,,1
,,1
,,1
,,1
,,1
,,1
,,1
,,1
,,1
,,1
,,1
,,1
,,1
,,1
,,1
,,1
,,1
,,1
,,1
,,1
,,1
,,1
,,1
,,1
,,1
,,1
,,1
,,1
,,1
,,1
,,1
,,1
,,1
,,1
,,1
,,1
,,1
,,1
,,1
,,1
,,1
,,1
,,1
,,1
,,1
,,1
,,1
,,1
,,1
,,1
,,1
,,1
,,1
,,1
,,1
,,1
,,1
,,1
,,1
,,1
,,1
,,1
,,1
,,1
,,1
,,1
,,1
,,1
,,1
,,1
,,1
,,1
,,1
,,1
,,1
,,1
,,1
,,1
,,1
,,1
,,1
,,1
,,1
,,1
,,1
,,1
,,1
,,1
,,1
,,1
,,1
,,1
,,1
,,1
,,1
,,1
,,1
,,1
,,1
,,1
,,1
,,1
,,1
,,1
,,1
,,1
,,1
,,1
,,1
,,1
,,1
,,1
,,1
,,1
,,1
,,1
,,1
,,1
,,1
,,1
,,1
,,1
,,1
,,1
,,1
,,1
,,1
,,1
,,1
,,1
,,1
,,1
,,1
,,1
,,1
,,1
,,1
,,1
,,1
,,1
,,1
,,1
,,1
,,1
,,1
,,1
,,1
,,1
,,1
,,1
,,1
,,1
,,1
,,1
,,1
,,1
,,1
,,1
,,1
,,1
,,1
,,1
,,1
,,1
,,1
,,1
,,1
,,1
,,1
,,1
,,1
,,1
,,1
,,1
,,1
,,1
,,1
,,1
,,1
,,1
,,1
,,1
,,1
,,1
,,1
,,1
,,1
,,1
,,1
,,1
,,1
,,1
,,1
,,1
,,1
,,1
,,1
,,1
,,1
,,1
,,1
,,1
,,1
,,1
,,1
,,1
,,1
,,1
,,1
,,1
,,1
,,1
,,1
,,1
,,1
,,1
,,1
,,1
,,1
,,1
,,1
,,1
,,1
,,1
,,1
,,1
,,1
,,1
,,1
,,1
,,1
,,1
,,1
,,1
,,1
,,1
,,1
,,1
,,1
,,1
,,1
,,1
,,1
,,1
,,1
,,1
,,1
,,1
,,1
,,1
,,1
,,1
,,1
,,1
,,1
,,1
,,1
,,1
,,1
,,1
,,1
,,1
,,1
,,1
,,1
,,1
,,1
,,1
,,1
,,1
,,1
,,1
,,1
,,1
,,1
,,1
,,1
,,1
,,1
,,1
,,1
,,1
,,1
,,1
,,1
,,1
,,1
,,1
,,1
,,1
,,1
,,1
,,1
,,1
,,1
,,1
,,1
,,1
,,1
,,1
,,1
,,1
,,1
,,1
,,1
,,1
,,1
,,1
,,1
,,1
,,1
,,1
,,1
,,1
,,1
,,1
,,1
,,1
,,1
,,1
,,1
,,1
,,1
,,1
,,1
,,1
,,1
,,1
,,1
,,1
,,1
,,1
,,1
,,1
,,1
,,1
,,1
,,1
,,1
,,1
,,1
,,1
,,1
,,1
,,1
,,1
,,1
,,1
,,1
,,1
,,1
,,1
,,1
,,1
,,1
,,1
,,1
,,1
,,1
,,1
,,1
,,1
,,1
,,1
,,1
,,1
,,1
,,1
,,1
,,1
,,1
,,1
,,1
,,1
,,1
,,1
,,1
,,1
,,1
,,1
,,1
,,1
,,1
,,1
,,1
,,1
,,1
,,1
,,1
,,1
,,1
,,1
,,1
,,1
,,1
,,1
,,1
,,1
,,1
,,1
,,1
,,1
,,1
,,1
,,1
,,1
,,1
,,1
,,1
,,1
,,1
,,1
,,1
,,1
,,1
,,1
,,1
,,1
,,1
,,1
,,1
,,1
,,1
,,1
,,1
,,1
,,1
,,1
,,1
,,1
,,1
,,1
,,1
,,1
,,1
,,1
,,1
,,1
,,1
,,1
,,1
,,1
,,1
,,1
,,1
,,1
,,1
,,1
,,1
,,1
,,1
,,1
,,1
,,1
,,1
,,1
,,1
,,1
,,1
,,1
,,1
,,1
,,1
,,1
,,1
,,1
,,1
,,1
,,1
,,1
,,1
,,1
,,1
,,1
,,1
,,1
,,1
,,1
,,1
,,1
,,1
,,1
,,1
,,1
,,1
,,1
,,1
,,1
,,1
,,1
,,1
,,1
,,1
,,1
,,1
,,1
,,1
,,1
,,1
,,1
,,1
,,1
,,1
,,1
,,1
,,1
,,1
,,1
,,1
,,1
,,1
,,1
,,1
,,1
,,1
,,1
,,1
,,1
,,1
,,1
,,1
,,1
,,1
,,1
,,1
,,1
,,1
,,1
,,1
,,1
,,1
,,1
,,1
,,1
,,1
,,1
,,1
,,1
,,1
,,1
,,1
,,1
,,1
,,1
,,1
,,1
,,1
,,1
,,1
,,1
,,1
,,1
,,1
,,1
,,1
,,1
,,1
,,1
,,1
,,1
,,1
,,1
,,1
,,1
,,1
,,1
,,1
,,1
,,1
,,1
,,1
,,1
,,1
,,1
,,1
,,1
,,1
,,1
,,1
,,1
,,1
,,1
,,1
,,1
,,1
,,1
,,1
,,1
,,1
,,1
,,1
,,1
,,1
,,1
,,1
,,1
,,1
,,1
,,1
,,1
,,1
,,1
,,1
,,1
,,1
,,1
,,1
,,1
,,1
,,1
,,1
,,1
,,1
,,1
,,1
,,1
,,1
,,1
,,1
,,1
,,1
,,1
,,1
,,1
,,1
,,1
,,1
,,1
,,1
,,1
,,1
,,1
,,1
,,1
,,1
,,1
,,1
,,1
,,1
,,1
,,1
,,1
,,1
,,1
,,1
,,1
,,1
,,1
,,1
,,1
,,1
,,1
,,1
,,1
,,1
,,1
,,1
,,1
,,1
,,1
,,1
,,1
,,1
,,1
,,1
,,1
,,1
,,1
,,1
,,1
,,1
,,1
,,1
,,1
,,1
,,1
,,1
,,1
,,1
,,1
,,1
,,1
,,1
,,1
,,1
,,1
,,1
,,1
,,1
,,1
,,1
,,1
,,1
,,1
,,1
,,1
,,1
,,1
,,1
,,1
,,1
,,1
,,1
,,1
,,1
,,1
,,1
,,1
,,1
,,1
,,1
,,1
,,1
,,1
,,1
,,1
,,1
,,1
,,1
,,1
,,1
,,1
,,1
,,1
,,1
,,1
,,1
,,1
,,1
,,1
,,1
,,1
,,1
,,1
,,1
,,1
,,1
,,1
,,1
,,1
,,1
,,1
,,1
,,1
,,1
,,1
,,1
,,1
,,1
,,1
,,1
,,1
,,1
,,1
,,1
,,1
,,1
,,1
,,1
,,1
,,1
,,1
,,1
,,1
,,1
,,1
,,1
,,1
,,1
,,1
,,1
,,1
,,1
,,1
,,1
,,1
,,1
,,1
,,1
,,1
,,1
,,1
,,1
,,1
,,1
,,1
,,1
,,1
,,1
,,1
,,1
,,1
,,1
,,1
,,1
,,1
,,1
,,1
,,1
,,1
,,1
,,1
,,1
,,1
,,1
,,1
,,1
,,1
,,1
,,1
,,1
,,1
,,1
,,1
,,1
,,1
,,1
,,1
,,1
,,1
,,1
,,1
,,1
,,1
,,1
,,1
,,1
,,1
,,1
,,1
,,1
,,1
,,1
,,1
,,1
,,1
,,1
,,1
,,1
,,1
,,1
,,1
,,1
,,1
,,1
,,1
,,1
,,1
,,1
,,1
,,1
,,1
,,1
,,1
,,1
,,1
,,1
,,1
,,1
,,1
,,1
,,1
,,1
,,1
,,1
,,1
,,1
,,1
,,1
,,1
,,1
,,1
,,1
,,1
,,1
,,1
,,1
,,1
,,1
,,1
,,1
,,1
,,1
,,1
,,1
,,1
,,1
,,1
,,1
,,1
,,1
,,1
,,1
,,1
,,1
,,1
,,1
,,1
,,1
,,1
,,1
,,1
,,1
,,1
,,1
,,1
,,1
,,1
,,1
,,1
,,1
,,1
,,1
,,1
,,1
,,1
,,1
,,1
,,1
,,1
,,1
,,1
,,1
,,1
,,1
,,1
,,1
,,1
,,1
,,1
,,1
,,1
,,1
,,1
,,1
,,1
,,1
,,1
,,1
,,1
,,1
,,1
,,1
,,1
,,1
,,1
,,1
,,1
,,1
,,1
,,1
,,1
,,1
,,1
,,1
,,1
,,1
,,1
,,1
,,1
,,1
,,1
,,1
,,1
,,1
,,1
,,1
,,1
,,1
,,1
,,1
,,1
,,1
,,1
,,1
,,1
,,1
,,1
,,1
,,1
,,1
,,1
,,1
,,1
,,1
,,1
,,1
,,1
,,1
,,1
,,1
,,1
,,1
,,1
,,1
,,1
,,1
,,1
,,1
,,1
,,1
,,1
,,1
,,1
,,1
,,1
,,1
,,1
,,1
,,1
,,1
,,1
,,1
,,1
,,1
,,1
,,1
,,1
,,1
,,1
,,1
,,1
,,1
,,1
,,1
,,1
,,1
,,1
,,1
,,1
,,1
,,1
,,1
,,1
,,1
,,1
,,1
,,1
,,1
,,1
,,1
,,1
,,1
,,1
,,1
,,1
,,1
,,1
,,1
,,1
,,1
,,1
,,1
,,1
,,1
,,1
,,1
,,1
,,1
,,1
,,1
,,1
,,1
,,1
,,1
,,1
,,1
,,1
,,1
,,1
,,1
,,1
,,1
,,1
,,1
,,1
,,1
,,1
,,1
,,1
,,1
,,1
,,1
,,1
,,1
,,1
,,1
,,1
,,1
,,1
,,1
,,1
,,1
,,1
,,1
,,1
,,1
,,1
,,1
,,1
,,1
,,1
,,1
,,1
,,1
,,1
,,1
,,1
,,1
,,1
,,1
,,1
,,1
,,1
,,1
,,1
,,1
,,1
,,1
,,1
,,1
,,1
,,1
,,1
,,1
,,1
,,1
,,1
,,1
,,1
,,1
,,1
,,1
,,1
,,1
,,1
,,1
,,1
,,1
,,1
,,1
,,1
,,1
,,1
,,1
,,1
,,1
,,1
,,1
,,1
,,1
,,1
,,1
,,1
,,1
,,1
,,1
,,1
,,1
,,1
,,1
,,1
,,1
,,1
,,1
,,1
,,1
,,1
,,1
,,1
,,1
,,1
,,1
,,1
,,1
,,1
,,1
,,1
,,1
,,1
,,1
,,1
,,1
,,1
,,1
,,1
,,1
,,1
,,1
,,1
,,1
,,1
,,1
,,1
,,1
,,1
,,1
,,1
,,1
,,1
,,1
,,1
,,1
,,1
,,1
,,1
,,1
,,1
,,1
,,1
,,1
,,1
,,1
,,1
,,1
,,1
,,1
,,1
,,1
,,1
,,1
,,1
,,1
,,1
,,1
,,1
,,1
,,1
,,1
,,1
,,1
,,1
,,1
,,1
,,1
,,1
,,1
,,1
,,1
,,1
,,1
,,1
,,1
,,1
,,1
,,1
,,1
,,1
,,1
,,1
,,1
,,1
,,1
,,1
,,1
,,1
,,1
,,1
,,1
,,1
,,1
,,1
,,1
,,1
,,1
,,1
,,1
,,1
,,1
,,1
,,1
,,1
,,1
,,1
,,1
,,1
,,1
,,1
,,1
,,1
,,1
,,1
,,1
,,1
,,1
,,1
,,1
,,1
,,1
,,1
,,1
,,1
,,1
,,1
,,1
,,1
,,1
,,1
,,1
,,1
,,1
,,1
,,1
,,1
,,1
,,1
,,1
,,1
,,1
,,1
,,1
,,1
,,1
,,1
,,1
,,1
,,1
,,1
,,1
,,1
,,1
,,1
,,1
,,1
,,1
,,1
,,1
,,1
,,1
,,1
,,1
,,1
,,1
,,1
,,1
,,1
,,1
,,1
,,1
,,1
,,1
,,1
,,1
,,1
,,1
,,1
,,1
,,1
,,1
,,1
,,1
,,1
,,1
,,1
,,1
,,1
,,1
,,1
,,1
,,1
,,1
,,1
,,1
,,1
,,1
,,1
,,1
,,1
,,1
,,1
,,1
,,1
,,1
,,1
,,1
,,1
,,1
,,1
,,1
,,1
,,1
,,1
,,1
,,1
,,1
,,1
,,1
,,1
,,1
,,1
,,1
,,1
,,1
,,1
,,1
,,1
,,1
,,1
,,1
,,1
,,1
,,1
,,1
,,1
,,1
,,1
,,1
,,1
,,1
,,1
,,1
,,1
,,1
,,1
,,1
,,1
,,1
,,1
,,1
,,1
,,1
,,1
,,1
,,1
,,1
,,1
,,1
,,1
,,1
,,1
,,1
,,1
,,1
,,1
,,1
,,1
,,1
,,1
,,1
,,1
,,1
,,1
,,1
,,1
,,1
,,1
,,1
,,1
,,1
,,1
,,1
,,1
,,1
,,1
,,1
,,1
,,1
,,1
,,1
,,1
,,1
,,1
,,1
,,1
,,1
,,1
,,1
,,1
,,1
,,1
,,1
,,1
,,1
,,1
,,1
,,1
,,1
,,1
,,1
,,1
,,1
,,1
,,1
,,1
,,1
,,1
,,1
,,1
,,1
,,1
,,1
,,1
,,1
,,1
,,1
,,1
,,1
,,1
,,1
,,1
,,1
,,1
,,1
,,1
,,1
,,1
,,1
,,1
,,1
,,1
,,1
,,1
,,1
,,1
,,1
,,1
,,1
,,1
,,1
,,1
,,1
,,1
,,1
,,1
,,1
,,1
,,1
,,1
,,1
,,1
,,1
,,1
,,1
,,1
,,1
,,1
,,1
,,1
,,1
,,1
,,1
,,1
,,1
,,1
,,1
,,1
,,1
,,1
,,1
,,1
,,1
,,1
,,1
,,1
,,1
,,1
,,1
,,1
,,1
,,1
,,1
,,1
,,1
,,1
,,1
,,1
,,1
,,1
,,1
,,1
,,1
,,1
,,1
,,1
,,1
,,1
,,1
,,1
,,1
,,1
,,1
,,1
,,1
,,1
,,1
,,1
,,1
,,1
,,1
,,1
,,1
,,1
,,1
,,1
,,1
,,1
,,1
,,1
,,1
,,1
,,1
,,1
,,1
,,1
,,1
,,1
,,1
,,1
,,1
,,1
,,1
,,1
,,1
,,1
,,1
,,1
,,1
,,1
,,1
,,1
,,1
,,1
,,1
,,1
,,1
,,1
,,1
,,1
,,1
,,1
,,1
,,1
,,1
,,1
,,1
,,1
,,1
,,1
,,1
,,1
,,1
,,1
,,1
,,1
,,1
,,1
,,1
,,1
,,1
,,1
,,1
,,1
,,1
,,1
,,1
,,1
,,1
,,1
,,1
,,1
,,1
,,1
,,1
,,1
,,1
,,1
,,1
,,1
,,1
,,1
,,1
,,1
,,1
,,1
,,1
,,1
,,1
,,1
,,1
,,1
,,1
,,1
,,1
,,1
,,1
,,1
,,1
,,1
,,1
,,1
,,1
,,1
,,1
,,1
,,1
,,1
,,1
,,1
,,1
,,1
,,1
,,1
,,1
,,1
,,1
,,1
,,1
,,1
,,1
,,1
,,1
,,1
,,1
,,1
,,1
,,1
,,1
,,1
,,1
,,1
,,1
,,1
,,1
,,1
,,1
,,1
,,1
,,1
,,1
,,1
,,1
,,1
,,1
,,1
,,1
,,1
,,1
,,1
,,1
,,1
,,1
,,1
,,1
,,1
,,1
,,1
,,1
,,1
,,1
,,1
,,1
,,1
,,1
,,1
,,1
,,1
,,1
,,1
,,1
,,1
,,1
,,1
,,1
,,1
,,1
,,1
,,1
,,1
,,1
,,1
,,1
,,1
,,1
,,1
,,1
,,1
,,1
,,1
,,1
,,1
,,1
,,1
,,1
,,1
,,1
,,1
,,1
,,1
,,1
,,1
,,1
,,1
,,1
,,1
,,1
,,1
,,1
,,1
,,1
,,1
,,1
,,1
,,1
,,1
,,1
,,1
,,1
,,1
,,1
,,1
,,1
,,1
,,1
,,1
,,1
,,1
,,1
,,1
,,1
,,1
,,1
,,1
,,1
,,1
,,1
,,1
,,1
,,1
,,1
,,1
,,1
,,1
,,1
,,1
,,1
,,1
,,1
,,1
,,1
,,1
,,1
,,1
,,1
,,1
,,1
,,1
,,1
,,1
,,1
,,1
,,1
,,1
,,1
,,1
,,1
,,1
,,1
,,1
,,1
,,1
,,1
,,1
,,1
,,1
,,1
,,1
,,1
,,1
,,1
,,1
,,1
,,1
,,1
,,1
,,1
,,1
,,1
,,1
,,1
,,1
,,1
,,1
,,1
,,1
,,1
,,1
,,1
,,1
,,1
,,1
,,1
,,1
,,1
,,1
,,1
,,1
,,1
,,1
,,1
,,1
,,1
,,1
,,1
,,1
,,1
,,1
,,1
,,1
,,1
,,1
,,1
,,1
,,1
,,1
,,1
,,1
,,1
,,1
,,1
,,1
,,1
,,1
,,1
,,1
,,1
,,1
,,1
,,1
,,1
,,1
,,1
,,1
,,1
,,1
,,1
,,1
,,1
,,1
,,1
,,1
,,1
,,1
,,1
,,1
,,1
,,1
,,1
,,1
,,1
,,1
,,1
,,1
,,1
,,1
,,1
,,1
,,1
,,1
,,1
,,1
,,1
,,1
,,1
,,1
,,1
,,1
,,1
,,1
,,1
,,1
,,1
,,1
,,1
,,1
,,1
,,1
,,1
,,1
,,1
,,1
,,1
,,1
,,1
,,1
,,1
,,1
,,1
,,1
,,1
,,1
,,1
,,1
,,1
,,1
,,1
,,1
,,1
,,1
,,1
,,1
,,1
,,1
,,1
,,1
,,1
,,1
,,1
,,1
,,1
,,1
,,1
,,1
,,1
,,1
,,1
,,1
,,1
,,1
,,1
,,1
,,1
,,1
,,1
,,1
,,1
,,1
,,1
,,1
,,1
,,1
,,1
,,1
,,1
,,1
,,1
,,1
,,1
,,1
,,1
,,1
,,1
,,1
,,1
,,1
,,1
,,1
,,1
,,1
,,1
,,1
,,1
,,1
,,1
,,1
,,1
,,1
,,1
,,1
,,1
,,1
,,1
,,1
,,1
,,1
,,1
,,1
,,1
,,1
,,1
,,1
,,1
,,1
,,1
,,1
,,1
,,1
,,1
,,1
,,1
,,1
,,1
,,1
,,1
,,1
,,1
,,1
,,1
,,1
,,1
,,1
,,1
,,1
,,1
,,1
,,1
,,1
,,1
,,1
,,1
,,1
,,1
,,1
,,1
,,1
,,1
,,1
,,1
,,1
,,1
,,1
,,1
,,1
,,1
,,1
,,1
,,1
,,1
,,1
,,1
,,1
,,1
,,1
,,1
,,1
,,1
,,1
,,1
,,1
,,1
,,1
,,1
,,1
,,1
,,1
,,1
,,1
,,1
,,1
,,1
,,1
,,1
,,1
,,1
,,1
,,1
,,1
,,1
,,1
,,1
,,1
,,1
,,1
,,1
,,1
,,1
,,1
,,1
,,1
,,1
,,1
,,1
,,1
,,1
,,1
,,1
,,1
,,1
,,1
,,1
,,1
,,1
,,1
,,1
,,1
,,1
,,1
,,1
,,1
,,1
,,1
,,1
,,1
,,1
,,1
,,1
,,1
,,1
,,1
,,1
,,1
,,1
,,1
,,1
,,1
,,1
,,1
,,1
,,1
,,1
,,1
,,1
,,1
,,1
,,1
,,1
,,1
,,1
,,1
,,1
,,1
,,1
,,1
,,1
,,1
,,1
,,1
,,1
,,1
,,1
,,1
,,1
,,1
,,1
,,1
,,1
,,1
,,1
,,1
,,1
,,1
,,1
,,1
,,1
,,1
,,1
,,1
,,1
,,1
,,1
,,1
,,1
,,1
,,1
,,1
,,1
,,1
,,1
,,1
,,1
,,1
,,1
,,1
,,1
,,1
,,1
,,1
,,1
,,1
,,1
,,1
,,1
,,1
,,1
,,1
,,1
,,1
,,1
,,1
,,1
,,1
,,1
,,1
,,1
,,1
,,1
,,1
,,1
,,1
,,1
,,1
,,1
,,1
,,1
,,1
,,1
,,1
,,1
,,1
,,1
,,1
,,1
,,1
,,1
,,1
,,1
,,1
,,1
,,1
,,1
,,1
,,1
,,1
,,1
,,1
,,1
,,1
,,1
,,1
,,1
,,1
,,1
,,1
,,1
,,1
,,1
,,1
,,1
,,1
,,1
,,1
,,1
,,1
,,1
,,1
,,1
,,1
,,1
,,1
,,1
,,1
,,1
,,1
,,1
,,1
,,1
,,1
,,1
,,1
,,1
,,1
,,1
,,1
,,1
,,1
,,1
,,1
,,1
,,1
,,1
,,1
,,1
,,1
,,1
,,1
,,1
,,1
,,1
,,1
,,1
,,1
,,1
,,1
,,1
,,1
,,1
,,1
,,1
,,1
,,1
,,1
,,1
,,1
,,1
,,1
,,1
,,1
,,1
,,1
,,1
,,1
,,1
,,1
,,1
,,1
,,1
,,1
,,1
,,1
,,1
,,1
,,1
,,1
,,1
,,1
,,1
,,1
,,1
,,1
,,1
,,1
,,1
,,1
,,1
,,1
,,1
,,1
,,1
,,1
,,1
,,1
,,1
,,1
,,1
,,1
,,1
,,1
,,1
,,1
,,1
,,1
,,1
,,1
,,1
,,1
,,1
,,1
,,1
,,1
,,1
,,1
,,1
,,1
,,1
,,1
,,1
,,1
,,1
,,1
,,1
,,1
,,1
,,1
,,1
,,1
,,1
,,1
,,1
,,1
,,1
,,1
,,1
,,1
,,1
,,1
,,1
,,1
,,1
,,1
,,1
,,1
,,1
,,1
,,1
,,1
,,1
,,1
,,1
,,1
,,1
,,1
,,1
,,1
,,1
,,1
,,1
,,1
,,1
,,1
,,1
,,1
,,1
,,1
,,1
,,1
,,1
,,1
,,1
,,1
,,1
,,1
,,1
,,1
,,1
,,1
,,1
,,1
,,1
,,1
,,1
,,1
,,1
,,1
,,1
,,1
,,1
,,1
,,1
,,1
,,1
,,1
,,1
,,1
,,1
,,1
,,1
,,1
,,1
,,1
,,1
,,1
,,1
,,1
,,1
,,1
,,1
,,1
,,1
,,1
,,1
,,1
,,1
,,1
,,1
,,1
,,1
,,1
,,1
,,1
,,1
,,1
,,1
,,1
,,1
,,1
,,1
,,1
,,1
,,1
,,1
,,1
,,1
,,1
,,1
,,1
,,1
,,1
,,1
,,1
,,1
,,1
,,1
,,1
,,1
,,1
,,1
,,1
,,1
,,1
,,1
,,1
,,1
,,1
,,1
,,1
,,1
,,1
,,1
,,1
,,1
,,1
,,1
,,1
,,1
,,1
,,1
,,1
,,1
,,1
,,1
,,1
,,1
,,1
,,1
,,1
,,1
,,1
,,1
,,1
,,1
,,1
,,1
,,1
,,1
,,1
,,1
,,1
,,1
,,1
,,1
,,1
,,1
,,1
,,1
,,1
,,1
,,1
,,1
,,1
,,1
,,1
,,1
,,1
,,1
,,1
,,1
,,1
,,1
,,1
,,1
,,1
,,1
,,1
,,1
,,1
,,1
,,1
,,1
,,1
,,1
,,1
,,1
,,1
,,1
,,1
,,1
,,1
,,1
,,1
,,1
,,1
,,1
,,1
,,1
,,1
,,1
,,1
,,1
,,1
,,1
,,1
,,1
,,1
,,1
,,1
,,1
,,1
,,1
,,1
,,1
,,1
,,1
,,1
,,1
,,1
,,1
,,1
,,1
,,1
,,1
,,1
,,1
,,1
,,1
,,1
,,1
,,1
,,1
,,1
,,1
,,1
,,1
,,1
,,1
,,1
,,1
,,1
,,1
,,1
,,1
,,1
,,1
,,1
,,1
,,1
,,1
,,1
,,1
,,1
,,1
,,1
,,1
,,1
,,1
,,1
,,1
,,1
,,1
,,1
,,1
,,1
,,1
,,1
,,1
,,1
,,1
,,1
,,1
,,1
,,1
,,1
,,1
,,1
,,1
,,1
,,1
,,1
,,1
,,1
,,1
,,1
,,1
,,1
,,1
,,1
,,1
,,1
,,1
,,1
,,1
,,1
,,1
,,1
,,1
,,1
,,1
,,1
,,1
,,1
,,1
,,1
,,1
,,1
,,1
,,1
,,1
,,1
,,1
,,1
,,1
,,1
,,1
,,1
,,1
,,1
,,1
,,1
,,1
,,1
,,1
,,1
,,1
,,1
,,1
,,1
,,1
,,1
,,1
,,1
,,1
,,1
,,1
,,1
,,1
,,1
,,1
,,1
,,1
,,1
,,1
,,1
,,1
,,1
,,1
,,1
,,1
,,1
,,1
,,1
,,1
,,1
,,1
,,1
,,1
,,1
,,1
,,1
,,1
,,1
,,1
,,1
,,1
,,1
,,1
,,1
,,1
,,1
,,1
,,1
,,1
,,1
,,1
,,1
,,1
,,1
,,1
,,1
,,1
,,1
,,1
,,1
,,1
,,1
,,1
,,1
,,1
,,1
,,1
,,1
,,1
,,1
,,1
,,1
,,1
,,1
,,1
,,1
,,1
,,1
,,1
,,1
,,1
,,1
,,1
,,1
,,1
,,1
,,1
,,1
,,1
,,1
,,1
,,1
,,1
,,1
,,1
,,1
,,1
,,1
,,1
,,1
,,1
,,1
,,1
,,1
,,1
,,1
,,1
,,1
,,1
,,1
,,1
,,1
,,1
,,1
,,1
,,1
,,1
,,1
,,1
,,1
,,1
,,1
,,1
,,1
,,1
,,1
,,1
,,1
,,1
,,1
,,1
,,1
,,1
,,1
,,1
,,1
,,1
,,1
,,1
,,1
,,1
,,1
,,1
,,1
,,1
,,1
,,1
,,1
,,1
,,1
,,1
,,1
,,1
,,1
,,1
,,1
,,1
,,1
,,1
,,1
,,1
,,1
,,1
,,1
,,1
,,1
,,1
,,1
,,1
,,1
,,1
,,1
,,1
,,1
,,1
,,1
,,1
,,1
,,1
,,1
,,1
,,1
,,1
,,1
,,1
,,1
,,1
,,1
,,1
,,1
,,1
,,1
,,1
,,1
,,1
,,1
,,1
,,1
,,1
,,1
,,1
,,1
,,1
,,1
,,1
,,1
,,1
,,1
,,1
,,1
,,1
,,1
,,1
,,1
,,1
,,1
,,1
,,1
,,1
,,1
,,1
,,1
,,1
,,1
,,1
,,1
,,1
,,1
,,1
,,1
,,1
,,1
,,1
,,1
,,1
,,1
,,1
,,1
,,1
,,1
,,1
,,1
,,1
,,1
,,1
,,1
,,1
,,1
,,1
,,1
,,1
,,1
,,1
,,1
,,1
,,1
,,1
,,1
,,1
,,1
,,1
,,1
,,1
,,1
,,1
,,1
,,1
,,1
,,1
,,1
,,1
,,1
,,1
,,1
,,1
,,1
,,1
,,1
,,1
,,1
,,1
,,1
,,1
,,1
,,1
,,1
,,1
,,1
,,1
,,1
,,1
,,1
,,1
,,1
,,1
,,1
,,1
,,1
,,1
,,1
,,1
,,1
,,1
,,1
,,1
,,1
,,1
,,1
,,1
,,1
,,1
,,1
,,1
,,1
,,1
,,1
,,1
,,1
,,1
,,1
,,1
,,1
,,1
,,1
,,1
,,1
,,1
,,1
,,1
,,1
,,1
,,1
,,1
,,1
,,1
,,1
,,1
,,1
,,1
,,1
,,1
,,1
,,1
,,1
,,1
,,1
,,1
,,1
,,1
,,1
,,1
,,1
,,1
,,1
,,1
,,1
,,1
,,1
,,1
,,1
,,1
,,1
,,1
,,1
,,1
,,1
,,1
,,1
,,1
,,1
,,1
,,1
,,1
,,1
,,1
,,1
,,1
,,1
,,1
,,1
,,1
,,1
,,1
,,1
,,1
,,1
,,1
,,1
,,1
,,1
,,1
,,1
,,1
,,1
,,1
,,1
,,1
,,1
,,1
,,1
,,1
,,1
,,1
,,1
,,1
,,1
,,1
,,1
,,1
,,1
,,1
,,1
,,1
,,1
,,1
,,1
,,1
,,1
,,1
,,1
,,1
,,1
,,1
,,1
,,1
,,1
,,1
,,1
,,1
,,1
,,1
,,1
,,1
,,1
,,1
,,1
,,1
,,1
,,1
,,1
,,1
,,1
,,1
,,1
,,1
,,1
,,1
,,1
,,1
,,1
,,1
,,1
,,1
,,1
,,1
,,1
,,1
,,1
,,1
,,1
,,1
,,1
,,1
,,1
,,1
,,1
,,1
,,1
,,1
,,1
,,1
,,1
,,1
,,1
,,1
,,1
,,1
,,1
,,1
,,1
,,1
,,1
,,1
,,1
,,1
,,1
,,1
,,1
,,1
,,1
,,1
,,1
,,1
,,1
,,1
,,1
,,1
,,1
,,1
,,1
,,1
,,1
,,1
,,1
,,1
,,1
,,1
,,1
,,1
,,1
,,1
,,1
,,1
,,1
,,1
,,1
,,1
,,1
,,1
,,1
,,1
,,1
,,1
,,1
,,1
,,1
,,1
,,1
,,1
,,1
,,1
,,1
,,1
,,1
,,1
,,1
,,1
,,1
,,1
,,1
,,1
,,1
,,1
,,1
,,1
,,1
,,1
,,1
,,1
,,1
,,1
,,1
,,1
,,1
,,1
,,1
,,1
,,1
,,1
,,1
,,1
,,1
,,1
,,1
,,1
,,1
,,1
,,1
,,1
,,1
,,1
,,1
,,1
,,1
,,1
,,1
,,1
,,1
,,1
,,1
,,1
,,1
,,1
,,1
,,1
,,1
,,1
,,1
,,1
,,1
,,1
,,1
,,1
,,1
,,1
,,1
,,1
,,1
,,1
,,1
,,1
,,1
,,1
,,1
,,1
,,1
,,1
,,1
,,1
,,1
,,1
,,1
,,1
,,1
,,1
,,1
,,1
,,1
,,1
,,1
,,1
,,1
,,1
,,1
,,1
,,1
,,1
,,1
,,1
,,1
,,1
,,1
,,1
,,1
,,1
,,1
,,1
,,1
,,1
,,1
,,1
,,1
,,1
,,1
,,1
,,1
,,1
,,1
,,1
,,1
,,1
,,1
,,1
,,1
,,1
,,1
,,1
,,1
,,1
,,1
,,1
,,1
,,1
,,1
,,1
,,1
,,1
,,1
,,1
,,1
,,1
,,1
,,1
,,1
,,1
,,1
,,1
,,1
,,1
,,1
,,1
,,1
,,1
,,1
,,1
,,1
,,1
,,1
,,1
,,1
,,1
,,1
,,1
,,1
,,1
,,1
,,1
,,1
,,1
,,1
,,1
,,1
,,1
,,1
,,1
,,1
,,1
,,1
,,1
,,1
,,1
,,1
,,1
,,1
,,1
,,1
,,1
,,1
,,1
,,1
,,1
,,1
,,1
,,1
,,1
,,1
,,1
,,1
,,1
,,1
,,1
,,1
,,1
,,1
,,1
,,1
,,1
,,1
,,1
,,1
,,1
,,1
,,1
,,1
,,1
,,1
,,1
,,1
,,1
,,1
,,1
,,1
,,1
,,1
,,1
,,1
,,1
,,1
,,1
,,1
,,1
,,1
,,1
,,1
,,1
,,1
,,1
,,1
,,1
,,1
,,1
,,1
,,1
,,1
,,1
,,1
,,1
,,1
,,1
,,1
,,1
,,1
,,1
,,1
,,1
,,1
,,1
,,1
,,1
,,1
,,1
,,1
,,1
,,1
,,1
,,1
,,1
,,1
,,1
,,1
,,1
,,1
,,1
,,1
,,1
,,1
,,1
,,1
,,1
,,1
,,1
,,1
,,1
,,1
,,1
,,1
,,1
,,1
,,1
,,1
,,1
,,1
,,1
,,1
,,1
,,1
,,1
,,1
,,1
,,1
,,1
,,1
,,1
,,1
,,1
,,1
,,1
,,1
,,1
,,1
,,1
,,1
,,1
,,1
,,1
,,1
,,1
,,1
,,1
,,1
,,1
,,1
,,1
,,1
,,1
,,1
,,1
,,1
,,1
,,1
,,1
,,1
,,1
,,1
,,1
,,1
,,1
,,1
,,1
,,1
,,1
,,1
,,1
,,1
,,1
,,1
,,1
,,1
,,1
,,1
,,1
,,1
,,1
,,1
,,1
,,1
,,1
,,1
,,1
,,1
,,1
,,1
,,1
,,1
,,1
,,1
,,1
,,1
,,1
,,1
,,1
,,1
,,1
,,1
,,1
,,1
,,1
,,1
,,1
,,1
,,1
,,1
,,1
,,1
,,1
,,1
,,1
,,1
,,1
,,1
,,1
,,1
,,1
,,1
,,1
,,1
,,1
,,1
,,1
,,1
,,1
,,1
,,1
,,1
,,1
,,1
,,1
,,1
,,1
,,1
,,1
,,1
,,1
,,1
,,1
,,1
,,1
,,1
,,1
,,1
,,1
,,1
,,1
,,1
,,1
,,1
,,1
,,1
,,1
,,1
,,1
,,1
,,1
,,1
,,1
,,1
,,1
,,1
,,1
,,1
,,1
,,1
,,1
,,1
,,1
,,1
,,1
,,1
,,1
,,1
,,1
,,1
,,1
,,1
,,1
,,1
,,1
,,1
,,1
,,1
,,1
,,1
,,1
,,1
,,1
,,1
,,1
,,1
,,1
,,1
,,1
,,1
,,1
,,1
,,1
,,1
,,1
,,1
,,1
,,1
,,1
,,1
,,1
,,1
,,1
,,1
,,1
,,1
,,1
,,1
,,1
,,1
,,1
,,1
,,1
,,1
,,1
,,1
,,1
,,1
,,1
,,1
,,1
,,1
,,1
,,1
,,1
,,1
,,1
,,1
,,1
,,1
,,1
,,1
,,1
,,1
,,1
,,1
,,1
,,1
,,1
,,1
,,1
,,1
,,1
,,1
,,1
,,1
,,1
,,1
,,1
,,1
,,1
,,1
,,1
,,1
,,1
,,1
,,1
,,1
,,1
,,1
,,1
,,1
,,1
,,1
,,1
,,1
,,1
,,1
,,1
,,1
,,1
,,1
,,1
,,1
,,1
,,1
,,1
,,1
,,1
,,1
,,1
,,1
,,1
,,1
,,1
,,1
,,1
,,1
,,1
,,1
,,1
,,1
,,1
,,1
,,1
,,1
,,1
,,1
,,1
,,1
,,1
,,1
,,1
,,1
,,1
,,1
,,1
,,1
,,1
,,1
,,1
,,1
,,1
,,1
,,1
,,1
,,1
,,1
,,1
,,1
,,1
,,1
,,1
,,1
,,1
,,1
,,1
,,1
,,1
,,1
,,1
,,1
,,1
,,1
,,1
,,1
,,1
,,1
,,1
,,1
,,1
,,1
,,1
,,1
,,1
,,1
,,1
,,1
,,1
,,1
,,1
,,1
,,1
,,1
,,1
,,1
,,1
,,1
,,1
,,1
,,1
,,1
,,1
,,1
,,1
,,1
,,1
,,1
,,1
,,1
,,1
,,1
,,1
,,1
,,1
,,1
,,1
,,1
,,1
,,1
,,1
,,1
,,1
,,1
,,1
,,1
,,1
,,1
,,1
,,1
,,1
,,1
,,1
,,1
,,1
,,1
,,1
,,1
,,1
,,1
,,1
,,1
,,1
,,1
,,1
,,1
,,1
,,1
,,1
,,1
,,1
,,1
,,1
,,1
,,1
,,1
,,1
,,1
,,1
,,1
,,1
,,1
,,1
,,1
,,1
,,1
,,1
,,1
,,1
,,1
,,1
,,1
,,1
,,1
,,1
,,1
,,1
,,1
,,1
,,1
,,1
,,1
,,1
,,1
,,1
,,1
,,1
,,1
,,1
,,1
,,1
,,1
,,1
,,1
,,1
,,1
,,1
,,1
,,1
,,1
,,1
,,1
,,1
,,1
,,1
,,1
,,1
,,1
,,1
,,1
,,1
,,1
,,1
,,1
,,1
,,1
,,1
,,1
,,1
,,1
,,1
,,1
,,1
,,1
,,1
,,1
,,1
,,1
,,1
,,1
,,1
,,1
,,1
,,1
,,1
,,1
,,1
,,1
,,1
,,1
,,1
,,1
,,1
,,1
,,1
,,1
,,1
,,1
,,1
,,1
,,1
,,1
,,1
,,1
,,1
,,1
,,1
,,1
,,1
,,1
,,1
,,1
,,1
,,1
,,1
,,1
,,1
,,1
,,1
,,1
,,1
,,1
,,1
,,1
,,1
,,1
,,1
,,1
,,1
,,1
,,1
,,1
,,1
,,1
,,1
,,1
,,1
,,1
,,1
,,1
,,1
,,1
,,1
,,1
,,1
,,1
,,1
,,1
,,1
,,1
,,1
,,1
,,1
,,1
,,1
,,1
,,1
,,1
,,1
,,1
,,1
,,1
,,1
,,1
,,1
,,1
,,1
,,1
,,1
,,1
,,1
,,1
,,1
,,1
,,1
,,1
,,1
,,1
,,1
,,1
,,1
,,1
,,1
,,1
,,1
,,1
,,1
,,1
,,1
,,1
,,1
,,1
,,1
,,1
,,1
,,1
,,1
,,1
,,1
,,1
,,1
,,1
,,1
,,1
,,1
,,1
,,1
,,1
,,1
,,1
,,1
,,1
,,1
,,1
,,1
,,1
,,1
,,1
,,1
,,1
,,1
,,1
,,1
,,1
,,1
,,1
,,1
,,1
,,1
,,1
,,1
,,1
,,1
,,1
,,1
,,1
,,1
,,1
,,1
,,1
,,1
,,1
,,1
,,1
,,1
,,1
,,1
,,1
,,1
,,1
,,1
,,1
,,1
,,1
,,1
,,1
,,1
,,1
,,1
,,1
,,1
,,1
,,1
,,1
,,1
,,1
,,1
,,1
,,1
,,1
,,1
,,1
,,1
,,1
,,1
,,1
,,1
,,1
,,1
,,1
,,1
,,1
,,1
,,1
,,1
,,1
,,1
,,1
,,1
,,1
,,1
,,1
,,1
,,1
,,1
,,1
,,1
,,1
,,1
,,1
,,1
,,1
,,1
,,1
,,1
,,1
,,1
,,1
,,1
,,1
,,1
,,1
,,1
,,1
,,1
,,1
,,1
,,1
,,1
,,1
,,1
,,1
,,1
,,1
,,1
,,1
,,1
,,1
,,1
,,1
,,1
,,1
,,1
,,1
,,1
,,1
,,1
,,1
,,1
,,1
,,1
,,1
,,1
,,1
,,1
,,1
,,1
,,1
,,1
,,1
,,1
,,1
,,1
,,1
,,1
,,1
,,1
,,1
,,1
,,1
,,1
,,1
,,1
,,1
,,1
,,1
,,1
,,1
,,1
,,1
,,1
,,1
,,1
,,1
,,1
,,1
,,1
,,1
,,1
,,1
,,1
,,1
,,1
,,1
,,1
,,1
,,1
,,1
,,1
,,1
,,1
,,1
,,1
,,1
,,1
,,1
,,1
,,1
,,1
,,1
,,1
,,1
,,1
,,1
,,1
,,1
,,1
,,1
,,1
,,1
,,1
,,1
,,1
,,1
,,1
,,1
,,1
,,1
,,1
,,1
,,1
,,1
,,1
,,1
,,1
,,1
,,1
,,1
,,1
,,1
,,1
,,1
,,1
,,1
,,1
,,1
,,1
,,1
,,1
,,1
,,1
,,1
,,1
,,1
,,1
,,1
,,1
,,1
,,1
,,1
,,1
,,1
,,1
,,1
,,1
,,1
,,1
,,1
,,1
,,1
,,1
,,1
,,1
,,1
,,1
,,1
,,1
,,1
,,1
,,1
,,1
,,1
,,1
,,1
,,1
,,1
,,1
,,1
,,1
,,1
,,1
,,1
,,1
,,1
,,1
,,1
,,1
,,1
,,1
,,1
,,1
,,1
,,1
,,1
,,1
,,1
,,1
,,1
,,1
,,1
,,1
,,1
,,1
,,1
,,1
,,1
,,1
,,1
,,1
,,1
,,1
,,1
,,1
,,1
,,1
,,1
,,1
,,1
,,1
,,1
,,1
,,1
,,1
,,1
,,1
,,1
,,1
,,1
,,1
,,1
,,1
,,1
,,1
,,1
,,1
,,1
,,1
,,1
,,1
,,1
,,1
,,1
,,1
,,1
,,1
,,1
,,1
,,1
,,1
,,1
,,1
,,1
,,1
,,1
,,1
,,1
,,1
,,1
,,1
,,1
,,1
,,1
,,1
,,1
,,1
,,1
,,1
,,1
,,1
,,1
,,1
,,1
,,1
,,1
,,1
,,1
,,1
,,1
,,1
,,1
,,1
,,1
,,1
,,1
,,1
,,1
,,1
,,1
,,1
,,1
,,1
,,1
,,1
,,1
,,1
,,1
,,1
,,1
,,1
,,1
,,1
,,1
,,1
,,1
,,1
,,1
,,1
,,1
,,1
,,1
,,1
,,1
,,1
,,1
,,1
,,1
,,1
,,1
,,1
,,1
,,1
,,1
,,1
,,1
,,1
,,1
,,1
,,1
,,1
,,1
,,1
,,1
,,1
,,1
,,1
,,1
,,1
,,1
,,1
,,1
,,1
,,1
,,1
,,1
,,1
,,1
,,1
,,1
,,1
,,1
,,1
,,1
,,1
,,1
,,1
,,1
,,1
,,1
,,1
,,1
,,1
,,1
,,1
,,1
,,1
,,1
,,1
,,1
,,1
,,1
,,1
,,1
,,1
,,1
,,1
,,1
,,1
,,1
,,1
,,1
,,1
,,1
,,1
,,1
,,1
,,1
,,1
,,1
,,1
,,1
,,1
,,1
,,1
,,1
,,1
,,1
,,1
,,1
,,1
,,1
,,1
,,1
,,1
,,1
,,1
,,1
,,1
,,1
,,1
,,1
,,1
,,1
,,1
,,1
,,1
,,1
,,1
,,1
,,1
,,1
,,1
,,1
,,1
,,1
,,1
,,1
,,1
,,1
,,1
,,1
,,1
,,1
,,1
,,1
,,1
,,1
,,1
,,1
,,1
,,1
,,1
,,1
,,1
,,1
,,1
,,1
,,1
,,1
,,1
,,1
,,1
,,1
,,1
,,1
,,1
,,1
,,1
,,1
,,1
,,1
,,1
,,1
,,1
,,1
,,1
,,1
,,1
,,1
,,1
,,1
,,1
,,1
,,1
,,1
,,1
,,1
,,1
,,1
,,1
,,1
,,1
,,1
,,1
,,1
,,1
,,1
,,1
,,1
,,1
,,1
,,1
,,1
,,1
,,1
,,1
,,1
,,1
,,1
,,1
,,1
,,1
,,1
,,1
,,1
,,1
,,1
,,1
,,1
,,1
,,1
,,1
,,1
,,1
,,1
,,1
,,1
,,1
,,1
,,1
,,1
,,1
,,1
,,1
,,1
,,1
,,1
,,1
,,1
,,1
,,1
,,1
,,1
,,1
,,1
,,1
,,1
,,1
,,1
,,1
,,1
,,1
,,1
,,1
,,1
,,1
,,1
,,1
,,1
,,1
,,1
,,1
,,1
,,1
,,1
,,1
,,1
,,1
,,1
,,1
,,1
,,1
,,1
,,1
,,1
,,1
,,1
,,1
,,1
,,1
,,1
,,1
,,1
,,1
,,1
,,1
,,1
,,1
,,1
,,1
,,1
,,1
,,1
,,1
,,1
,,1
,,1
,,1
,,1
,,1
,,1
,,1
,,1
,,1
,,1
,,1
,,1
,,1
,,1
,,1
,,1
,,1
,,1
,,1
,,1
,,1
,,1
,,1
,,1
,,1
,,1
,,1
,,1
,,1
,,1
,,1
,,1
,,1
,,1
,,1
,,1
,,1
,,1
,,1
,,1
,,1
,,1
,,1
,,1
,,1
,,1
,,1
,,1
,,1
,,1
,,1
,,1
,,1
,,1
,,1
,,1
,,1
,,1
,,1
,,1
,,1
,,1
,,1
,,1
,,1
,,1
,,1
,,1
,,1
,,1
,,1
,,1
,,1
,,1
,,1
,,1
,,1
,,1
,,1
,,1
,,1
,,1
,,1
,,1
,,1
,,1
,,1
,,1
,,1
,,1
,,1
,,1
,,1
,,1
,,1
,,1
,,1
,,1
,,1
,,1
,,1
,,1
,,1
,,1
,,1
,,1
,,1
,,1
,,1
,,1
,,1
,,1
,,1
,,1
,,1
,,1
,,1
,,1
,,1
,,1
,,1
,,1
,,1
,,1
,,1
,,1
,,1
,,1
,,1
,,1
,,1
,,1
,,1
,,1
,,1
,,1
,,1
,,1
,,1
,,1
,,1
,,1
,,1
,,1
,,1
,,1
,,1
,,1
,,1
,,1
,,1
,,1
,,1
,,1
,,1
,,1
,,1
,,1
,,1
,,1
,,1
,,1
,,1
,,1
,,1
,,1
,,1
,,1
,,1
,,1
,,1
,,1
,,1
,,1
,,1
,,1
,,1
,,1
,,1
,,1
,,1
,,1
,,1
,,1
,,1
,,1
,,1
,,1
,,1
,,1
,,1
,,1
,,1
,,1
,,1
,,1
,,1
,,1
,,1
,,1
,,1
,,1
,,1
,,1
,,1
,,1
,,1
,,1
,,1
,,1
,,1
,,1
,,1
,,1
,,1
,,1
,,1
,,1
,,1
,,1
,,1
,,1
,,1
,,1
,,1
,,1
,,1
,,1
,,1
,,1
,,1
,,1
,,1
,,1
,,1
,,1
,,1
,,1
,,1
,,1
,,1
,,1
,,1
,,1
,,1
,,1
,,1
,,1
,,1
,,1
,,1
,,1
,,1
,,1
,,1
,,1
,,1
,,1
,,1
,,1
,,1
,,1
,,1
,,1
,,1
,,1
,,1
,,1
,,1
,,1
,,1
,,1
,,1
,,1
,,1
,,1
,,1
,,1
,,1
,,1
,,1
,,1
,,1
,,1
,,1
,,1
,,1
,,1
,,1
,,1
,,1
,,1
,,1
,,1
,,1
,,1
,,1
,,1
,,1
,,1
,,1
,,1
,,1
,,1
,,1
,,1
,,1
,,1
,,1
,,1
,,1
,,1
,,1
,,1
,,1
,,1
,,1
,,1
,,1
,,1
,,1
,,1
,,1
,,1
,,1
,,1
,,1
,,1
,,1
,,1
,,1
,,1
,,1
,,1
,,1
,,1
,,1
,,1
,,1
,,1
,,1
,,1
,,1
,,1
,,1
,,1
,,1
,,1
,,1
,,1
,,1
,,1
,,1
,,1
,,1
,,1
,,1
,,1
,,1
,,1
,,1
,,1
,,1
,,1
,,1
,,1
,,1
,,1
,,1
,,1
,,1
,,1
,,1
,,1
,,1
,,1
,,1
,,1
,,1
,,1
,,1
,,1
,,1
,,1
,,1
,,1
,,1
,,1
,,1
,,1
,,1
,,1
,,1
,,1
,,1
,,1
,,1
,,1
,,1
,,1
,,1
,,1
,,1
,,1
,,1
,,1
,,1
,,1
,,1
,,1
,,1
,,1
,,1
,,1
,,1
,,1
,,1
,,1
,,1
,,1
,,1
,,1
,,1
,,1
,,1
,,1
,,1
,,1
,,1
,,1
,,1
,,1
,,1
,,1
,,1
,,1
,,1
,,1
,,1
,,1
,,1
,,1
,,1
,,1
,,1
,,1
,,1
,,1
,,1
,,1
,,1
,,1
,,1
,,1
,,1
,,1
,,1
,,1
,,1
,,1
,,1
,,1
,,1
,,1
,,1
,,1
,,1
,,1
,,1
,,1
,,1
,,1
,,1
,,1
,,1
,,1
,,1
,,1
,,1
,,1
,,1
,,1
,,1
,,1
,,1
,,1
,,1
,,1
,,1
,,1
,,1
,,1
,,1
,,1
,,1
,,1
,,1
,,1
,,1
,,1
,,1
,,1
,,1
,,1
,,1
,,1
,,1
,,1
,,1
,,1
,,1
,,1
,,1
,,1
,,1
,,1
,,1
,,1
,,1
,,1
,,1
,,1
,,1
,,1
,,1
,,1
,,1
,,1
,,1
,,1
,,1
,,1
,,1
,,1
,,1
,,1
,,1
,,1
,,1
,,1
,,1
,,1
,,1
,,1
,,1
,,1
,,1
,,1
,,1
,,1
,,1
,,1
,,1
,,1
,,1
,,1
,,1
,,1
,,1
,,1
,,1
,,1
,,1
,,1
,,1
,,1
,,1
,,1
,,1
,,1
,,1
,,1
,,1
,,1
,,1
,,1
,,1
,,1
,,1
,,1
,,1
,,1
,,1
,,1
,,1
,,1
,,1
,,1
,,1
,,1
,,1
,,1
,,1
,,1
,,1
,,1
,,1
,,1
,,1
,,1
,,1
,,1
,,1
,,1
,,1
,,1
,,1
,,1
,,1
,,1
,,1
,,1
,,1
,,1
,,1
,,1
,,1
,,1
,,1
,,1
,,1
,,1
,,1
,,1
,,1
,,1
,,1
,,1
,,1
,,1
,,1
,,1
,,1
,,1
,,1
,,1
,,1
,,1
,,1
,,1
,,1
,,1
,,1
,,1
,,1
,,1
,,1
,,1
,,1
,,1
,,1
,,1
,,1
,,1
,,1
,,1
,,1
,,1
,,1
,,1
,,1
,,1
,,1
,,1
,,1
,,1
,,1
,,1
,,1
,,1
,,1
,,1
,,1
,,1
,,1
,,1
,,1
,,1
,,1
,,1
,,1
,,1
,,1
,,1
,,1
,,1
,,1
,,1
,,1
,,1
,,1
,,1
,,1
,,1
,,1
,,1
,,1
,,1
,,1
,,1
,,1
,,1
,,1
,,1
,,1
,,1
,,1
,,1
,,1
,,1
,,1
,,1
,,1
,,1
,,1
,,1
,,1
,,1
,,1
,,1
,,1
,,1
,,1
,,1
,,1
,,1
,,1
,,1
,,1
,,1
,,1
,,1
,,1
,,1
,,1
,,1
,,1
,,1
,,1
,,1
,,1
,,1
,,1
,,1
,,1
,,1
,,1
,,1
,,1
,,1
,,1
,,1
,,1
,,1
,,1
,,1
,,1
,,1
,,1
,,1
,,1
,,1
,,1
,,1
,,1
,,1
,,1
,,1
,,1
,,1
,,1
,,1
,,1
,,1
,,1
,,1
,,1
,,1
,,1
,,1
,,1
,,1
,,1
,,1
,,1
,,1
,,1
,,1
,,1
,,1
,,1
,,1
,,1
,,1
,,1
,,1
,,1
,,1
,,1
,,1
,,1
,,1
,,1
,,1
,,1
,,1
,,1
,,1
,,1
,,1
,,1
,,1
,,1
,,1
,,1
,,1
,,1
,,1
,,1
,,1
,,1
,,1
,,1
,,1
,,1
,,1
,,1
,,1
,,1
,,1
,,1
,,1
,,1
,,1
,,1
,,1
,,1
,,1
,,1
,,1
,,1
,,1
,,1
,,1
,,1
,,1
,,1
,,1
,,1
,,1
,,1
,,1
,,1
,,1
,,1
,,1
,,1
,,1
,,1
,,1
,,1
,,1
,,1
,,1
,,1
,,1
,,1
,,1
,,1
,,1
,,1
,,1
,,1
,,1
,,1
,,1
,,1
,,1
,,1
,,1
,,1
,,1
,,1
,,1
,,1
,,1
,,1
,,1
,,1
,,1
,,1
,,1
,,1
,,1
,,1
,,1
,,1
,,1
,,1
,,1
,,1
,,1
,,1
,,1
,,1
,,1
,,1
,,1
,,1
,,1
,,1
,,1
,,1
,,1
,,1
,,1
,,1
,,1
,,1
,,1
,,1
,,1
,,1
,,1
,,1
,,1
,,1
,,1
,,1
,,1
,,1
,,1
,,1
,,1
,,1
,,1
,,1
,,1
,,1
,,1
,,1
,,1
,,1
,,1
,,1
,,1
,,1
,,1
,,1
,,1
,,1
,,1
,,1
,,1
,,1
,,1
,,1
,,1
,,1
,,1
,,1
,,1
,,1
,,1
,,1
,,1
,,1
,,1
,,1
,,1
,,1
,,1
,,1
,,1
,,1
,,1
,,1
,,1
,,1
,,1
,,1
,,1
,,1
,,1
,,1
,,1
,,1
,,1
,,1
,,1
,,1
,,1
,,1
,,1
,,1
,,1
,,1
,,1
,,1
,,1
,,1
,,1
,,1
,,1
,,1
,,1
,,1
,,1
,,1
,,1
,,1
,,1
,,1
,,1
,,1
,,1
,,1
,,1
,,1
,,1
,,1
,,1
,,1
,,1
,,1
,,1
,,1
,,1
,,1
,,1
,,1
,,1
,,1
,,1
,,1
,,1
,,1
,,1
,,1
,,1
,,1
,,1
,,1
,,1
,,1
,,1
,,1
,,1
,,1
,,1
,,1
,,1
,,1
,,1
,,1
,,1
,,1
,,1
,,1
,,1
,,1
,,1
,,1
,,1
,,1
,,1
,,1
,,1
,,1
,,1
,,1
,,1
,,1
,,1
,,1
,,1
,,1
,,1
,,1
,,1
,,1
,,1
,,1
,,1
,,1
,,1
,,1
,,1
,,1
,,1
,,1
,,1
,,1
,,1
,,1
,,1
,,1
,,1
,,1
,,1
,,1
,,1
,,1
,,1
,,1
,,1
,,1
,,1
,,1
,,1
,,1
,,1
,,1
,,1
,,1
,,1
,,1
,,1
,,1
,,1
,,1
,,1
,,1
,,1
,,1
,,1
,,1
,,1
,,1
,,1
,,1
,,1
,,1
,,1
,,1
,,1
,,1
,,1
,,1
,,1
,,1
,,1
,,1
,,1
,,1
,,1
,,1
,,1
,,1
,,1
,,1
,,1
,,1
,,1
,,1
,,1
,,1
,,1
,,1
,,1
,,1
,,1
,,1
,,1
,,1
,,1
,,1
,,1
,,1
,,1
,,1
,,1
,,1
,,1
,,1
,,1
,,1
,,1
,,1
,,1
,,1
,,1
,,1
,,1
,,1
,,1
,,1
,,1
,,1
,,1
,,1
,,1
,,1
,,1
,,1
,,1
,,1
,,1
,,1
,,1
,,1
,,1
,,1
,,1
,,1
,,1
,,1
,,1
,,1
,,1
,,1
,,1
,,1
,,1
,,1
,,1
,,1
,,1
,,1
,,1
,,1
,,1
,,1
,,1
,,1
,,1
,,1
,,1
,,1
,,1
,,1
,,1
,,1
,,1
,,1
,,1
,,1
,,1
,,1
,,1
,,1
,,1
,,1
,,1
,,1
,,1
,,1
,,1
,,1
,,1
,,1
,,1
,,1
,,1
,,1
,,1
,,1
,,1
,,1
,,1
,,1
,,1
,,1
,,1
,,1
,,1
,,1
,,1
,,1
,,1
,,1
,,1
,,1
,,1
,,1
,,1
,,1
,,1
,,1
,,1
,,1
,,1
,,1
,,1
,,1
,,1
,,1
,,1
,,1
,,1
,,1
,,1
,,1
,,1
,,1
,,1
,,1
,,1
,,1
,,1
,,1
,,1
,,1
,,1
,,1
,,1
,,1
,,1
,,1
,,1
,,1
,,1
,,1
,,1
,,1
,,1
,,1
,,1
,,1
,,1
,,1
,,1
,,1
,,1
,,1
,,1
,,1
,,1
,,1
,,1
,,1
,,1
,,1
,,1
,,1
,,1
,,1
,,1
,,1
,,1
,,1
,,1
,,1
,,1
,,1
,,1
,,1
,,1
,,1
,,1
,,1
,,1
,,1
,,1
,,1
,,1
,,1
,,1
,,1
,,1
,,1
,,1
,,1
,,1
,,1
,,1
,,1
,,1
,,1
,,1
,,1
,,1
,,1
,,1
,,1
,,1
,,1
,,1
,,1
,,1
,,1
,,1
,,1
,,1
,,1
,,1
,,1
,,1
,,1
,,1
,,1
,,1
,,1
,,1
,,1
,,1
,,1
,,1
,,1
,,1
,,1
,,1
,,1
,,1
,,1
,,1
,,1
,,1
,,1
,,1
,,1
,,1
,,1
,,1
,,1
,,1
,,1
,,1
,,1
,,1
,,1
,,1
,,1
,,1
,,1
,,1
,,1
,,1
,,1
,,1
,,1
,,1
,,1
,,1
,,1
,,1
,,1
,,1
,,1
,,1
,,1
,,1
,,1
,,1
,,1
,,1
,,1
,,1
,,1
,,1
,,1
,,1
,,1
,,1
,,1
,,1
,,1
,,1
,,1
,,1
,,1
,,1
,,1
,,1
,,1
,,1
,,1
,,1
,,1
,,1
,,1
,,1
,,1
,,1
,,1
,,1
,,1
,,1
,,1
,,1
,,1
,,1
,,1
,,1
,,1
,,1
,,1
,,1
,,1
,,1
,,1
,,1
,,1
,,1
,,1
,,1
,,1
,,1
,,1
,,1
,,1
,,1
,,1
,,1
,,1
,,1
,,1
,,1
,,1
,,1
,,1
,,1
,,1
,,1
,,1
,,1
,,1
,,1
,,1
,,1
,,1
,,1
,,1
,,1
,,1
,,1
,,1
,,1
,,1
,,1
,,1
,,1
,,1
,,1
,,1
,,1
,,1
,,1
,,1
,,1
,,1
,,1
,,1
,,1
,,1
,,1
,,1
,,1
,,1
,,1
,,1
,,1
,,1
,,1
,,1
,,1
,,1
,,1
,,1
,,1
,,1
,,1
,,1
,,1
,,1
,,1
,,1
,,1
,,1
,,1
,,1
,,1
,,1
,,1
,,1
,,1
,,1
,,1
,,1
,,1
,,1
,,1
,,1
,,1
,,1
,,1
,,1
,,1
,,1
,,1
,,1
,,1
,,1
,,1
,,1
,,1
,,1
,,1
,,1
,,1
,,1
,,1
,,1
,,1
,,1
,,1
,,1
,,1
,,1
,,1
,,1
,,1
,,1
,,1
,,1
,,1
,,1
,,1
,,1
,,1
,,1
,,1
,,1
,,1
,,1
,,1
,,1
,,1
,,1
,,1
,,1
,,1
,,1
,,1
,,1
,,1
,,1
,,1
,,1
,,1
,,1
,,1
,,1
,,1
,,1
,,1
,,1
,,1
,,1
,,1
,,1
,,1
,,1
,,1
,,1
,,1
,,1
,,1
,,1
,,1
,,1
,,1
,,1
,,1
,,1
,,1
,,1
,,1
,,1
,,1
,,1
,,1
,,1
,,1
,,1
,,1
,,1
,,1
,,1
,,1
,,1
,,1
,,1
,,1
,,1
,,1
,,1
,,1
,,1
,,1
,,1
,,1
,,1
,,1
,,1
,,1
,,1
,,1
,,1
,,1
,,1
,,1
,,1
,,1
,,1
,,1
,,1
,,1
,,1
,,1
,,1
,,1
,,1
,,1
,,1
,,1
,,1
,,1
,,1
,,1
,,1
,,1
,,1
,,1
,,1
,,1
,,1
,,1
,,1
,,1
,,1
,,1
,,1
,,1
,,1
,,1
,,1
,,1
,,1
,,1
,,1
,,1
,,1
,,1
,,1
,,1
,,1
,,1
,,1
,,1
,,1
,,1
,,1
,,1
,,1
,,1
,,1
,,1
,,1
,,1
,,1
,,1
,,1
,,1
,,1
,,1
,,1
,,1
,,1
,,1
,,1
,,1
,,1
,,1
,,1
,,1
,,1
,,1
,,1
,,1
,,1
,,1
,,1
,,1
,,1
,,1
,,1
,,1
,,1
,,1
,,1
,,1
,,1
,,1
,,1
,,1
,,1
,,1
,,1
,,1
,,1
,,1
,,1
,,1
,,1
,,1
,,1
,,1
,,1
,,1
,,1
,,1
,,1
,,1
,,1
,,1
,,1
,,1
,,1
,,1
,,1
,,1
,,1
,,1
,,1
,,1
,,1
,,1
,,1
,,1
,,1
,,1
,,1
,,1
,,1
,,1
,,1
,,1
,,1
,,1
,,1
,,1
,,1
,,1
,,1
,,1
,,1
,,1
,,1
,,1
,,1
,,1
,,1
,,1
,,1
,,1
,,1
,,1
,,1
,,1
,,1
,,1
,,1
,,1
,,1
,,1
,,1
,,1
,,1
,,1
,,1
,,1
,,1
,,1
,,1
,,1
,,1
,,1
,,1
,,1
,,1
,,1
,,1
,,1
,,1
,,1
,,1
,,1
,,1
,,1
,,1
,,1
,,1
,,1
,,1
,,1
,,1
,,1
,,1
,,1
,,1
,,1
,,1
,,1
,,1
,,1
,,1
,,1
,,1
,,1
,,1
,,1
,,1
,,1
,,1
,,1
,,1
,,1
,,1
,,1
,,1
,,1
,,1
,,1
,,1
,,1
,,1
,,1
,,1
,,1
,,1
,,1
,,1
,,1
,,1
,,1
,,1
,,1
,,1
,,1
,,1
,,1
,,1
,,1
,,1
,,1
,,1
,,1
,,1
,,1
,,1
,,1
,,1
,,1
,,1
,,1
,,1
,,1
,,1
,,1
,,1
,,1
,,1
,,1
,,1
,,1
,,1
,,1
,,1
,,1
,,1
,,1
,,1
,,1
,,1
,,1
,,1
,,1
,,1
,,1
,,1
,,1
,,1
,,1
,,1
,,1
,,1
,,1
,,1
,,1
,,1
,,1
,,1
,,1
,,1
,,1
,,1
,,1
,,1
,,1
,,1
,,1
,,1
,,1
,,1
,,1
,,1
,,1
,,1
,,1
,,1
,,1
,,1
,,1
,,1
,,1
,,1
,,1
,,1
,,1
,,1
,,1
,,1
,,1
,,1
,,1
,,1
,,1
,,1
,,1
,,1
,,1
,,1
,,1
,,1
,,1
,,1
,,1
,,1
,,1
,,1
,,1
,,1
,,1
,,1
,,1
,,1
,,1
,,1
,,1
,,1
,,1
,,1
,,1
,,1
,,1
,,1
,,1
,,1
,,1
,,1
,,1
,,1
,,1
,,1
,,1
,,1
,,1
,,1
,,1
,,1
,,1
,,1
,,1
,,1
,,1
,,1
,,1
,,1
,,1
,,1
,,1
,,1
,,1
,,1
,,1
,,1
,,1
,,1
,,1
,,1
,,1
,,1
,,1
,,1
,,1
,,1
,,1
,,1
,,1
,,1
,,1
,,1
,,1
,,1
,,1
,,1
,,1
,,1
,,1
,,1
,,1
,,1
,,1
,,1
,,1
,,1
,,1
,,1
,,1
,,1
,,1
,,1
,,1
,,1
,,1
,,1
,,1
,,1
,,1
,,1
,,1
,,1
,,1
,,1
,,1
,,1
,,1
,,1
,,1
,,1
,,1
,,1
,,1
,,1
,,1
,,1
,,1
,,1
,,1
,,1
,,1
,,1
,,1
,,1
,,1
,,1
,,1
,,1
,,1
,,1
,,1
,,1
,,1
,,1
,,1
,,1
,,1
,,1
,,1
,,1
,,1
,,1
,,1
,,1
,,1
,,1
,,1
,,1
,,1
,,1
,,1
,,1
,,1
,,1
,,1
,,1
,,1
,,1
,,1
,,1
,,1
,,1
,,1
,,1
,,1
,,1
,,1
,,1
,,1
,,1
,,1
,,1
,,1
,,1
,,1
,,1
,,1
,,1
,,1
,,1
,,1
,,1
,,1
,,1
,,1
,,1
,,1
,,1
,,1
,,1
,,1
,,1
,,1
,,1
,,1
,,1
,,1
,,1
,,1
,,1
,,1
,,1
,,1
,,1
,,1
,,1
,,1
,,1
,,1
,,1
,,1
,,1
,,1
,,1
,,1
,,1
,,1
,,1
,,1
,,1
,,1
,,1
,,1
,,1
,,1
,,1
,,1
,,1
,,1
,,1
,,1
,,1
,,1
,,1
,,1
,,1
,,1
,,1
,,1
,,1
,,1
,,1
,,1
,,1
,,1
,,1
,,1
,,1
,,1
,,1
,,1
,,1
,,1
,,1
,,1
,,1
,,1
,,1
,,1
,,1
,,1
,,1
,,1
,,1
,,1
,,1
,,1
,,1
,,1
,,1
,,1
,,1
,,1
,,1
,,1
,,1
,,1
,,1
,,1
,,1
,,1
,,1
,,1
,,1
,,1
,,1
,,1
,,1
,,1
,,1
,,1
,,1
,,1
,,1
,,1
,,1
,,1
,,1
,,1
,,1
,,1
,,1
,,1
,,1
,,1
,,1
,,1
,,1
,,1
,,1
,,1
,,1
,,1
,,1
,,1
,,1
,,1
,,1
,,1
,,1
,,1
,,1
,,1
,,1
,,1
,,1
,,1
,,1
,,1
,,1
,,1
,,1
,,1
,,1
,,1
,,1
,,1
,,1
,,1
,,1
,,1
,,1
,,1
,,1
,,1
,,1
,,1
,,1
,,1
,,1
,,1
,,1
,,1
,,1
,,1
,,1
,,1
,,1
,,1
,,1
,,1
,,1
,,1
,,1
,,1
,,1
,,1
,,1
,,1
,,1
,,1
,,1
,,1
,,1
,,1
,,1
,,1
,,1
,,1
,,1
,,1
,,1
,,1
,,1
,,1
,,1
,,1
,,1
,,1
,,1
,,1
,,1
,,1
,,1
,,1
,,1
,,1
,,1
,,1
,,1
,,1
,,1
,,1
,,1
,,1
,,1
,,1
,,1
,,1
,,1
,,1
,,1
,,1
,,1
,,1
,,1
,,1
,,1
,,1
,,1
,,1
,,1
,,1
,,1
,,1
,,1
,,1
,,1
,,1
,,1
,,1
,,1
,,1
,,1
,,1
,,1
,,1
,,1
,,1
,,1
,,1
,,1
,,1
,,1
,,1
,,1
,,1
,,1
,,1
,,1
,,1
,,1
,,1
,,1
,,1
,,1
,,1
,,1
,,1
,,1
,,1
,,1
,,1
,,1
,,1
,,1
,,1
,,1
,,1
,,1
,,1
,,1
,,1
,,1
,,1
,,1
,,1
,,1
,,1
,,1
,,1
,,1
,,1
,,1
,,1
,,1
,,1
,,1
,,1
,,1
,,1
,,1
,,1
,,1
,,1
,,1
,,1
,,1
,,1
,,1
,,1
,,1
,,1
,,1
,,1
,,1
,,1
,,1
,,1
,,1
,,1
,,1
,,1
,,1
,,1
,,1
,,1
,,1
,,1
,,1
,,1
,,1
,,1
,,1
,,1
,,1
,,1
,,1
,,1
,,1
,,1
,,1
,,1
,,1
,,1
,,1
,,1
,,1
,,1
,,1
,,1
,,1
,,1
,,1
,,1
,,1
,,1
,,1
,,1
,,1
,,1
,,1
,,1
,,1
,,1
,,1
,,1
,,1
,,1
,,1
,,1
,,1
,,1
,,1
,,1
,,1
,,1
,,1
,,1
,,1
,,1
,,1
,,1
,,1
,,1
,,1
,,1
,,1
,,1
,,1
,,1
,,1
,,1
,,1
,,1
,,1
,,1
,,1
,,1
,,1
,,1
,,1
,,1
,,1
,,1
,,1
,,1
,,1
,,1
,,1
,,1
,,1
,,1
,,1
,,1
,,1
,,1
,,1
,,1
,,1
,,1
,,1
,,1
,,1
,,1
,,1
,,1
,,1
,,1
,,1
,,1
,,1
,,1
,,1
,,1
,,1
,,1
,,1
,,1
,,1
,,1
,,1
,,1
,,1
,,1
,,1
,,1
,,1
,,1
,,1
,,1
,,1
,,1
,,1
,,1
,,1
,,1
,,1
,,1
,,1
,,1
,,1
,,1
,,1
,,1
,,1
,,1
,,1
,,1
,,1
,,1
,,1
,,1
,,1
,,1
,,1
,,1
,,1
,,1
,,1
,,1
,,1
,,1
,,1
,,1
,,1
,,1
,,1
,,1
,,1
,,1
,,1
,,1
,,1
,,1
,,1
,,1
,,1
,,1
,,1
,,1
,,1
,,1
,,1
,,1
,,1
,,1
,,1
,,1
,,1
,,1
,,1
,,1
,,1
,,1
,,1
,,1
,,1
,,1
,,1
,,1
,,1
,,1
,,1
,,1
,,1
,,1
,,1
,,1
,,1
,,1
,,1
,,1
,,1
,,1
,,1
,,1
,,1
,,1
,,1
,,1
,,1
,,1
,,1
,,1
,,1
,,1
,,1
,,1
,,1
,,1
,,1
,,1
,,1
,,1
,,1
,,1
,,1
,,1
,,1
,,1
,,1
,,1
,,1
,,1
,,1
,,1
,,1
,,1
,,1
,,1
,,1
,,1
,,1
,,1
,,1
,,1
,,1
,,1
,,1
,,1
,,1
,,1
,,1
,,1
,,1
,,1
,,1
,,1
,,1
,,1
,,1
,,1
,,1
,,1
,,1
,,1
,,1
,,1
,,1
,,1
,,1
,,1
,,1
,,1
,,1
,,1
,,1
,,1
,,1
,,1
,,1
,,1
,,1
,,1
,,1
,,1
,,1
,,1
,,1
,,1
,,1
,,1
,,1
,,1
,,1
,,1
,,1
,,1
,,1
,,1
,,1
,,1
,,1
,,1
,,1
,,1
,,1
,,1
,,1
,,1
,,1
,,1
,,1
,,1
,,1
,,1
,,1
,,1
,,1
,,1
,,1
,,1
,,1
,,1
,,1
,,1
,,1
,,1
,,1
,,1
,,1
,,1
,,1
,,1
,,1
,,1
,,1
,,1
,,1
,,1
,,1
,,1
,,1
,,1
,,1
,,1
,,1
,,1
,,1
,,1
,,1
,,1
,,1
,,1
,,1
,,1
,,1
,,1
,,1
,,1
,,1
,,1
,,1
,,1
,,1
,,1
,,1
,,1
,,1
,,1
,,1
,,1
,,1
,,1
,,1
,,1
,,1
,,1
,,1
,,1
,,1
,,1
,,1
,,1
,,1
,,1
,,1
,,1
,,1
,,1
,,1
,,1
,,1
,,1
,,1
,,1
,,1
,,1
,,1
,,1
,,1
,,1
,,1
,,1
,,1
,,1
,,1
,,1
,,1
,,1
,,1
,,1
,,1
,,1
,,1
,,1
,,1
,,1
,,1
,,1
,,1
,,1
,,1
,,1
,,1
,,1
,,1
,,1
,,1
,,1
,,1
,,1
,,1
,,1
,,1
,,1
,,1
,,1
,,1
,,1
,,1
,,1
,,1
,,1
,,1
,,1
,,1
,,1
,,1
,,1
,,1
,,1
,,1
,,1
,,1
,,1
,,1
,,1
,,1
,,1
,,1
,,1
,,1
,,1
,,1
,,1
,,1
,,1
,,1
,,1
,,1
,,1
,,1
,,1
,,1
,,1
,,1
,,1
,,1
,,1
,,1
,,1
,,1
,,1
,,1
,,1
,,1
,,1
,,1
,,1
,,1
,,1
,,1
,,1
,,1
,,1
,,1
,,1
,,1
,,1
,,1
,,1
,,1
,,1
,,1
,,1
,,1
,,1
,,1
,,1
,,1
,,1
,,1
,,1
,,1
,,1
,,1
,,1
,,1
,,1
,,1
,,1
,,1
,,1
,,1
,,1
,,1
,,1
,,1
,,1
,,1
,,1
,,1
,,1
,,1
,,1
,,1
,,1
,,1
,,1
,,1
,,1
,,1
,,1
,,1
,,1
,,1
,,1
,,1
,,1
,,1
,,1
,,1
,,1
,,1
,,1
,,1
,,1
,,1
,,1
,,1
,,1
,,1
,,1
,,1
,,1
,,1
,,1
,,1
,,1
,,1
,,1
,,1
,,1
,,1
,,1
,,1
,,1
,,1
,,1
,,1
,,1
,,1
,,1
,,1
,,1
,,1
,,1
,,1
,,1
,,1
,,1
,,1
,,1
,,1
,,1
,,1
,,1
,,1
,,1
,,1
,,1
,,1
,,1
,,1
,,1
,,1
,,1
,,1
,,1
,,1
,,1
,,1
,,1
,,1
,,1
,,1
,,1
,,1
,,1
,,1
,,1
,,1
,,1
,,1
,,1
,,1
,,1
,,1
,,1
,,1
,,1
,,1
,,1
,,1
,,1
,,1
,,1
,,1
,,1
,,1
,,1
,,1
,,1
,,1
,,1
,,1
,,1
,,1
,,1
,,1
,,1
,,1
,,1
,,1
,,1
,,1
,,1
,,1
,,1
,,1
,,1
,,1
,,1
,,1
,,1
,,1
,,1
,,1
,,1
,,1
,,1
,,1
,,1
,,1
,,1
,,1
,,1
,,1
,,1
,,1
,,1
,,1
,,1
,,1
,,1
,,1
,,1
,,1
,,1
,,1
,,1
,,1
,,1
,,1
,,1
,,1
,,1
,,1
,,1
,,1
,,1
,,1
,,1
,,1
,,1
,,1
,,1
,,1
,,1
,,1
,,1
,,1
,,1
,,1
,,1
,,1
,,1
,,1
,,1
,,1
,,1
,,1
,,1
,,1
,,1
,,1
,,1
,,1
,,1
,,1
,,1
,,1
,,1
,,1
,,1
,,1
,,1
,,1
,,1
,,1
,,1
,,1
,,1
,,1
,,1
,,1
,,1
,,1
,,1
,,1
,,1
,,1
,,1
,,1
,,1
,,1
,,1
,,1
,,1
,,1
,,1
,,1
,,1
,,1
,,1
,,1
,,1
,,1
,,1
,,1
,,1
,,1
,,1
,,1
,,1
,,1
,,1
,,1
,,1
,,1
,,1
,,1
,,1
,,1
,,1
,,1
,,1
,,1
,,1
,,1
,,1
,,1
,,1
,,1
,,1
,,1
,,1
,,1
,,1
,,1
,,1
,,1
,,1
,,1
,,1
,,1
,,1
,,1
,,1
,,1
,,1
,,1
,,1
,,1
,,1
,,1
,,1
,,1
,,1
,,1
,,1
,,1
,,1
,,1
,,1
,,1
,,1
,,1
,,1
,,1
,,1
,,1
,,1
,,1
,,1
,,1
,,1
,,1
,,1
,,1
,,1
,,1
,,1
,,1
,,1
,,1
,,1
,,1
,,1
,,1
,,1
,,1
,,1
,,1
,,1
,,1
,,1
,,1
,,1
,,1
,,1
,,1
,,1
,,1
,,1
,,1
,,1
,,1
,,1
,,1
,,1
,,1
,,1
,,1
,,1
,,1
,,1
,,1
,,1
,,1
,,1
,,1
,,1
,,1
,,1
,,1
,,1
,,1
,,1
,,1
,,1
,,1
,,1
,,1
,,1
,,1
,,1
,,1
,,1
,,1
,,1
,,1
,,1
,,1
,,1
,,1
,,1
,,1
,,1
,,1
,,1
,,1
,,1
,,1
,,1
,,1
,,1
,,1
,,1
,,1
,,1
,,1
,,1
,,1
,,1
,,1
,,1
,,1
,,1
,,1
,,1
,,1
,,1
,,1
,,1
,,1
,,1
,,1
,,1
,,1
,,1
,,1
,,1
,,1
,,1
,,1
,,1
,,1
,,1
,,1
,,1
,,1
,,1
,,1
,,1
,,1
,,1
,,1
,,1
,,1
,,1
,,1
,,1
,,1
,,1
,,1
,,1
,,1
,,1
,,1
,,1
,,1
,,1
,,1
,,1
,,1
,,1
,,1
,,1
,,1
,,1
,,1
,,1
,,1
,,1
,,1
,,1
,,1
,,1
,,1
,,1
,,1
,,1
,,1
,,1
,,1
,,1
,,1
,,1
,,1
,,1
,,1
,,1
,,1
,,1
,,1
,,1
,,1
,,1
,,1
,,1
,,1
,,1
,,1
,,1
,,1
,,1
,,1
,,1
,,1
,,1
,,1
,,1
,,1
,,1
,,1
,,1
,,1
,,1
,,1
,,1
,,1
,,1
,,1
,,1
,,1
,,1
,,1
,,1
,,1
,,1
,,1
,,1
,,1
,,1
,,1
,,1
,,1
,,1
,,1
,,1
,,1
,,1
,,1
,,1
,,1
,,1
,,1
,,1
,,1
,,1
,,1
,,1
,,1
,,1
,,1
,,1
,,1
,,1
,,1
,,1
,,1
,,1
,,1
,,1
,,1
,,1
,,1
,,1
,,1
,,1
,,1
,,1
,,1
,,1
,,1
,,1
,,1
,,1
,,1
,,1
,,1
,,1
,,1
,,1
,,1
,,1
,,1
,,1
,,1
,,1
,,1
,,1
,,1
,,1
,,1
,,1
,,1
,,1
,,1
,,1
,,1
,,1
,,1
,,1
,,1
,,1
,,1
,,1
,,1
,,1
,,1
,,1
,,1
,,1
,,1
,,1
,,1
,,1
,,1
,,1
,,1
,,1
,,1
,,1
,,1
,,1
,,1
,,1
,,1
,,1
,,1
,,1
,,1
,,1
,,1
,,1
,,1
,,1
,,1
,,1
,,1
,,1
,,1
,,1
,,1
,,1
,,1
,,1
,,1
,,1
,,1
,,1
,,1
,,1
,,1
,,1
,,1
,,1
,,1
,,1
,,1
,,1
,,1
,,1
,,1
,,1
,,1
,,1
,,1
,,1
,,1
,,1
,,1
,,1
,,1
,,1
,,1
,,1
,,1
,,1
,,1
,,1
,,1
,,1
,,1
,,1
,,1
,,1
,,1
,,1
,,1
,,1
,,1
,,1
,,1
,,1
,,1
,,1
,,1
,,1
,,1
,,1
,,1
,,1
,,1
,,1
,,1
,,1
,,1
,,1
,,1
,,1
,,1
,,1
,,1
,,1
,,1
,,1
,,1
,,1
,,1
,,1
,,1
,,1
,,1
,,1
,,1
,,1
,,1
,,1
,,1
,,1
,,1
,,1
,,1
,,1
,,1
,,1
,,1
,,1
,,1
,,1
,,1
,,1
,,1
,,1
,,1
,,1
,,1
,,1
,,1
,,1
,,1
,,1
,,1
,,1
,,1
,,1
,,1
,,1
,,1
,,1
,,1
,,1
,,1
,,1
,,1
,,1
,,1
,,1
,,1
,,1
,,1
,,1
,,1
,,1
,,1
,,1
,,1
,,1
,,1
,,1
,,1
,,1
,,1
,,1
,,1
,,1
,,1
,,1
,,1
,,1
,,1
,,1
,,1
,,1
,,1
,,1
,,1
,,1
,,1
,,1
,,1
,,1
,,1
,,1
,,1
,,1
,,1
,,1
,,1
,,1
,,1
,,1
,,1
,,1
,,1
,,1
,,1
,,1
,,1
,,1
,,1
,,1
,,1
,,1
,,1
,,1
,,1
,,1
,,1
,,1
,,1
,,1
,,1
,,1
,,1
,,1
,,1
,,1
,,1
,,1
,,1
,,1
,,1
,,1
,,1
,,1
,,1
,,1
,,1
,,1
,,1
,,1
,,1
,,1
,,1
,,1
,,1
,,1
,,1
,,1
,,1
,,1
,,1
,,1
,,1
,,1
,,1
,,1
,,1
,,1
,,1
,,1
,,1
,,1
,,1
,,1
,,1
,,1
,,1
,,1
,,1
,,1
,,1
,,1
,,1
,,1
,,1
,,1
,,1
,,1
,,1
,,1
,,1
,,1
,,1
,,1
,,1
,,1
,,1
,,1
,,1
,,1
,,1
,,1
,,1
,,1
,,1
,,1
,,1
,,1
,,1
,,1
,,1
,,1
,,1
,,1
,,1
,,1
,,1
,,1
,,1
,,1
,,1
,,1
,,1
,,1
,,1
,,1
,,1
,,1
,,1
,,1
,,1
,,1
,,1
,,1
,,1
,,1
,,1
,,1
,,1
,,1
,,1
,,1
,,1
,,1
,,1
,,1
,,1
,,1
,,1
,,1
,,1
,,1
,,1
,,1
,,1
,,1
,,1
,,1
,,1
,,1
,,1
,,1
,,1
,,1
,,1
,,1
,,1
,,1
,,1
,,1
,,1
,,1
,,1
,,1
,,1
,,1
,,1
,,1
,,1
,,1
,,1
,,1
,,1
,,1
,,1
,,1
,,1
,,1
,,1
,,1
,,1
,,1
,,1
,,1
,,1
,,1
,,1
,,1
,,1
,,1
,,1
,,1
,,1
,,1
,,1
,,1
,,1
,,1
,,1
,,1
,,1
,,1
,,1
,,1
,,1
,,1
,,1
,,1
,,1
,,1
,,1
,,1
,,1
,,1
,,1
,,1
,,1
,,1
,,1
,,1
,,1
,,1
,,1
,,1
,,1
,,1
,,1
,,1
,,1
,,1
,,1
,,1
,,1
,,1
,,1
,,1
,,1
,,1
,,1
,,1
,,1
,,1
,,1
,,1
,,1
,,1
,,1
,,1
,,1
,,1
,,1
,,1
,,1
,,1
,,1
,,1
,,1
,,1
,,1
,,1
,,1
,,1
,,1
,,1
,,1
,,1
,,1
,,1
,,1
,,1
,,1
,,1
,,1
,,1
,,1
,,1
,,1
,,1
,,1
,,1
,,1
,,1
,,1
,,1
,,1
,,1
,,1
,,1
,,1
,,1
,,1
,,1
,,1
,,1
,,1
,,1
,,1
,,1
,,1
,,1
,,1
,,1
,,1
,,1
,,1
,,1
,,1
,,1
,,1
,,1
,,1
,,1
,,1
,,1
,,1
,,1
,,1
,,1
,,1
,,1
,,1
,,1
,,1
,,1
,,1
,,1
,,1
,,1
,,1
,,1
,,1
,,1
,,1
,,1
,,1
,,1
,,1
,,1
,,1
,,1
,,1
,,1
,,1
,,1
,,1
,,1
,,1
,,1
,,1
,,1
,,1
,,1
,,1
,,1
,,1
,,1
,,1
,,1
,,1
,,1
,,1
,,1
,,1
,,1
,,1
,,1
,,1
,,1
,,1
,,1
,,1
,,1
,,1
,,1
,,1
,,1
,,1
,,1
,,1
,,1
,,1
,,1
,,1
,,1
,,1
,,1
,,1
,,1
,,1
,,1
,,1
,,1
,,1
,,1
,,1
,,1
,,1
,,1
,,1
,,1
,,1
,,1
,,1
,,1
,,1
,,1
,,1
,,1
,,1
,,1
,,1
,,1
,,1
,,1
,,1
,,1
,,1
,,1
,,1
,,1
,,1
,,1
,,1
,,1
,,1
,,1
,,1
,,1
,,1
,,1
,,1
,,1
,,1
,,1
,,1
,,1
,,1
,,1
,,1
,,1
,,1
,,1
,,1
,,1
,,1
,,1
,,1
,,1
,,1
,,1
,,1
,,1
,,1
,,1
,,1
,,1
,,1
,,1
,,1
,,1
,,1
,,1
,,1
,,1
,,1
,,1
,,1
,,1
,,1
,,1
,,1
,,1
,,1
,,1
,,1
,,1
,,1
,,1
,,1
,,1
,,1
,,1
,,1
,,1
,,1
,,1
,,1
,,1
,,1
,,1
,,1
,,1
,,1
,,1
,,1
,,1
,,1
,,1
,,1
,,1
,,1
,,1
,,1
,,1
,,1
,,1
,,1
,,1
,,1
,,1
,,1
,,1
,,1
,,1
,,1
,,1
,,1
,,1
,,1
,,1
,,1
,,1
,,1
,,1
,,1
,,1
,,1
,,1
,,1
,,1
,,1
,,1
,,1
,,1
,,1
,,1
,,1
,,1
,,1
,,1
,,1
,,1
,,1
,,1
,,1
,,1
,,1
,,1
,,1
,,1
,,1
,,1
,,1
,,1
,,1
,,1
,,1
,,1
,,1
,,1
,,1
,,1
,,1
,,1
,,1
,,1
,,1
,,1
,,1
,,1
,,1
,,1
,,1
,,1
,,1
,,1
,,1
,,1
,,1
,,1
,,1
,,1
,,1
,,1
,,1
,,1
,,1
,,1
,,1
,,1
,,1
,,1
,,1
,,1
,,1
,,1
,,1
,,1
,,1
,,1
,,1
,,1
,,1
,,1
,,1
,,1
,,1
,,1
,,1
,,1
,,1
,,1
,,1
,,1
,,1
,,1
,,1
,,1
,,1
,,1
,,1
,,1
,,1
,,1
,,1
,,1
,,1
,,1
,,1
,,1
,,1
,,1
,,1
,,1
,,1
,,1
,,1
,,1
,,1
,,1
,,1
,,1
,,1
,,1
,,1
,,1
,,1
,,1
,,1
,,1
,,1
,,1
,,1
,,1
,,1
,,1
,,1
,,1
,,1
,,1
,,1
,,1
,,1
,,1
,,1
,,1
,,1
,,1
,,1
,,1
,,1
,,1
,,1
,,1
,,1
,,1
,,1
,,1
,,1
,,1
,,1
,,1
,,1
,,1
,,1
,,1
,,1
,,1
,,1
,,1
,,1
,,1
,,1
,,1
,,1
,,1
,,1
,,1
,,1
,,1
,,1
,,1
,,1
,,1
,,1
,,1
,,1
,,1
,,1
,,1
,,1
,,1
,,1
,,1
,,1
,,1
,,1
,,1
,,1
,,1
,,1
,,1
,,1
,,1
,,1
,,1
,,1
,,1
,,1
,,1
,,1
,,1
,,1
,,1
,,1
,,1
,,1
,,1
,,1
,,1
,,1
,,1
,,1
,,1
,,1
,,1
,,1
,,1
,,1
,,1
,,1
,,1
,,1
,,1
,,1
,,1
,,1
,,1
,,1
,,1
,,1
,,1
,,1
,,1
,,1
,,1
,,1
,,1
,,1
,,1
,,1
,,1
,,1
,,1
,,1
,,1
,,1
,,1
,,1
,,1
,,1
,,1
,,1
,,1
,,1
,,1
,,1
,,1
,,1
,,1
,,1
,,1
,,1
,,1
,,1
,,1
,,1
,,1
,,1
,,1
,,1
,,1
,,1
,,1
,,1
,,1
,,1
,,1
,,1
,,1
,,1
,,1
,,1
,,1
,,1
,,1
,,1
,,1
,,1
,,1
,,1
,,1
,,1
,,1
,,1
,,1
,,1
,,1
,,1
,,1
,,1
,,1
,,1
,,1
,,1
,,1
,,1
,,1
,,1
,,1
,,1
,,1
,,1
,,1
,,1
,,1
,,1
,,1
,,1
,,1
,,1
,,1
,,1
,,1
,,1
,,1
,,1
,,1
,,1
,,1
,,1
,,1
,,1
,,1
,,1
,,1
,,1
,,1
,,1
,,1
,,1
,,1
,,1
,,1
,,1
,,1
,,1
,,1
,,1
,,1
,,1
,,1
,,1
,,1
,,1
,,1
,,1
,,1
,,1
,,1
,,1
,,1
,,1
,,1
,,1
,,1
,,1
,,1
,,1
,,1
,,1
,,1
,,1
,,1
,,1
,,1
,,1
,,1
,,1
,,1
,,1
,,1
,,1
,,1
,,1
,,1
,,1
,,1
,,1
,,1
,,1
,,1
,,1
,,1
,,1
,,1
,,1
,,1
,,1
,,1
,,1
,,1
,,1
,,1
,,1
,,1
,,1
,,1
,,1
,,1
,,1
,,1
,,1
,,1
,,1
,,1
,,1
,,1
,,1
,,1
,,1
,,1
,,1
,,1
,,1
,,1
,,1
,,1
,,1
,,1
,,1
,,1
,,1
,,1
,,1
,,1
,,1
,,1
,,1
,,1
,,1
,,1
,,1
,,1
,,1
,,1
,,1
,,1
,,1
,,1
,,1
,,1
,,1
,,1
,,1
,,1
,,1
,,1
,,1
,,1
,,1
,,1
,,1
,,1
,,1
,,1
,,1
,,1
,,1
,,1
,,1
,,1
,,1
,,1
,,1
,,1
,,1
,,1
,,1
,,1
,,1
,,1
,,1
,,1
,,1
,,1
,,1
,,1
,,1
,,1
,,1
,,1
,,1
,,1
,,1
,,1
,,1
,,1
,,1
,,1
,,1
,,1
,,1
,,1
,,1
,,1
,,1
,,1
,,1
,,1
,,1
,,1
,,1
,,1
,,1
,,1
,,1
,,1
,,1
,,1
,,1
,,1
,,1
,,1
,,1
,,1
,,1
,,1
,,1
,,1
,,1
,,1
,,1
,,1
,,1
,,1
,,1
,,1
,,1
,,1
,,1
,,1
,,1
,,1
,,1
,,1
,,1
,,1
,,1
,,1
,,1
,,1
,,1
,,1
,,1
,,1
,,1
,,1
,,1
,,1
,,1
,,1
,,1
,,1
,,1
,,1
,,1
,,1
,,1
,,1
,,1
,,1
,,1
,,1
,,1
,,1
,,1
,,1
,,1
,,1
,,1
,,1
,,1
,,1
,,1
,,1
,,1
,,1
,,1
,,1
,,1
,,1
,,1
,,1
,,1
,,1
,,1
,,1
,,1
,,1
,,1
,,1
,,1
,,1
,,1
,,1
,,1
,,1
,,1
,,1
,,1
,,1
,,1
,,1
,,1
,,1
,,1
,,1
,,1
,,1
,,1
,,1
,,1
,,1
,,1
,,1
,,1
,,1
,,1
,,1
,,1
,,1
,,1
,,1
,,1
,,1
,,1
,,1
,,1
,,1
,,1
,,1
,,1
,,1
,,1
,,1
,,1
,,1
,,1
,,1
,,1
,,1
,,1
,,1
,,1
,,1
,,1
,,1
,,1
,,1
,,1
,,1
,,1
,,1
,,1
,,1
,,1
,,1
,,1
,,1
,,1
,,1
,,1
,,1
,,1
,,1
,,1
,,1
,,1
,,1
,,1
,,1
,,1
,,1
,,1
,,1
,,1
,,1
,,1
,,1
,,1
,,1
,,1
,,1
,,1
,,1
,,1
,,1
,,1
,,1
,,1
,,1
,,1
,,1
,,1
,,1
,,1
,,1
,,1
,,1
,,1
,,1
,,1
,,1
,,1
,,1
,,1
,,1
,,1
,,1
,,1
,,1
,,1
,,1
,,1
,,1
,,1
,,1
,,1
,,1
,,1
,,1
,,1
,,1
,,1
,,1
,,1
,,1
,,1
,,1
,,1
,,1
,,1
,,1
,,1
,,1
,,1
,,1
,,1
,,1
,,1
,,1
,,1
,,1
,,1
,,1
,,1
,,1
,,1
,,1
,,1
,,1
,,1
,,1
,,1
,,1
,,1
,,1
,,1
,,1
,,1
,,1
,,1
,,1
,,1
,,1
,,1
,,1
,,1
,,1
,,1
,,1
,,1
,,1
,,1
,,1
,,1
,,1
,,1
,,1
,,1
,,1
,,1
,,1
,,1
,,1
,,1
,,1
,,1
,,1
,,1
,,1
,,1
,,1
,,1
,,1
,,1
,,1
,,1
,,1
,,1
,,1
,,1
,,1
,,1
,,1
,,1
,,1
,,1
,,1
,,1
,,1
,,1
,,1
,,1
,,1
,,1
,,1
,,1
,,1
,,1
,,1
,,1
,,1
,,1
,,1
,,1
,,1
,,1
,,1
,,1
,,1
,,1
,,1
,,1
,,1
,,1
,,1
,,1
,,1
,,1
,,1
,,1
,,1
,,1
,,1
,,1
,,1
,,1
,,1
,,1
,,1
,,1
,,1
,,1
,,1
,,1
,,1
,,1
,,1
,,1
,,1
,,1
,,1
,,1
,,1
,,1
,,1
,,1
,,1
,,1
,,1
,,1
,,1
,,1
,,1
,,1
,,1
,,1
,,1
,,1
,,1
,,1
,,1
,,1
,,1
,,1
,,1
,,1
,,1
,,1
,,1
,,1
,,1
,,1
,,1
,,1
,,1
,,1
,,1
,,1
,,1
,,1
,,1
,,1
,,1
,,1
,,1
,,1
,,1
,,1
,,1
,,1
,,1
,,1
,,1
,,1
,,1
,,1
,,1
,,1
,,1
,,1
,,1
,,1
,,1
,,1
,,1
,,1
,,1
,,1
,,1
,,1
,,1
,,1
,,1
,,1
,,1
,,1
,,1
,,1
,,1
,,1
,,1
,,1
,,1
,,1
,,1
,,1
,,1
,,1
,,1
,,1
,,1
,,1
,,1
,,1
,,1
,,1
,,1
,,1
,,1
,,1
,,1
,,1
,,1
,,1
,,1
,,1
,,1
,,1
,,1
,,1
,,1
,,1
,,1
,,1
,,1
,,1
,,1
,,1
,,1
,,1
,,1
,,1
,,1
,,1
,,1
,,1
,,1
,,1
,,1
,,1
,,1
,,1
,,1
,,1
,,1
,,1
,,1
,,1
,,1
,,1
,,1
,,1
,,1
,,1
,,1
,,1
,,1
,,1
,,1
,,1
,,1
,,1
,,1
,,1
,,1
,,1
,,1
,,1
,,1
,,1
,,1
,,1
,,1
,,1
,,1
,,1
,,1
,,1
,,1
,,1
,,1
,,1
,,1
,,1
,,1
,,1
,,1
,,1
,,1
,,1
,,1
,,1
,,1
,,1
,,1
,,1
,,1
,,1
,,1
,,1
,,1
,,1
,,1
,,1
,,1
,,1
,,1
,,1
,,1
,,1
,,1
,,1
,,1
,,1
,,1
,,1
,,1
,,1
,,1
,,1
,,1
,,1
,,1
,,1
,,1
,,1
,,1
,,1
,,1
,,1
,,1
,,1
,,1
,,1
,,1
,,1
,,1
,,1
,,1
,,1
,,1
,,1
,,1
,,1
,,1
,,1
,,1
,,1
,,1
,,1
,,1
,,1
,,1
,,1
,,1
,,1
,,1
,,1
,,1
,,1
,,1
,,1
,,1
,,1
,,1
,,1
,,1
,,1
,,1
,,1
,,1
,,1
,,1
,,1
,,1
,,1
,,1
,,1
,,1
,,1
,,1
,,1
,,1
,,1
,,1
,,1
,,1
,,1
,,1
,,1
,,1
,,1
,,1
,,1
,,1
,,1
,,1
,,1
,,1
,,1
,,1
,,1
,,1
,,1
,,1
,,1
,,1
,,1
,,1
,,1
,,1
,,1
,,1
,,1
,,1
,,1
,,1
,,1
,,1
,,1
,,1
,,1
,,1
,,1
,,1
,,1
,,1
,,1
,,1
,,1
,,1
,,1
,,1
,,1
,,1
,,1
,,1
,,1
,,1
,,1
,,1
,,1
,,1
,,1
,,1
,,1
,,1
,,1
,,1
,,1
,,1
,,1
,,1
,,1
,,1
,,1
,,1
,,1
,,1
,,1
,,1
,,1
,,1
,,1
,,1
,,1
,,1
,,1
,,1
,,1
,,1
,,1
,,1
,,1
,,1
,,1
,,1
,,1
,,1
,,1
,,1
,,1
,,1
,,1
,,1
,,1
,,1
,,1
,,1
,,1
,,1
,,1
,,1
,,1
,,1
,,1
,,1
,,1
,,1
,,1
,,1
,,1
,,1
,,1
,,1
,,1
,,1
,,1
,,1
,,1
,,1
,,1
,,1
,,1
,,1
,,1
,,1
,,1
,,1
,,1
,,1
,,1
,,1
,,1
,,1
,,1
,,1
,,1
,,1
,,1
,,1
,,1
,,1
,,1
,,1
,,1
,,1
,,1
,,1
,,1
,,1
,,1
,,1
,,1
,,1
,,1
,,1
,,1
,,1
,,1
,,1
,,1
,,1
,,1
,,1
,,1
,,1
,,1
,,1
,,1
,,1
,,1
,,1
,,1
,,1
,,1
,,1
,,1
,,1
,,1
,,1
,,1
,,1
,,1
,,1
,,1
,,1
,,1
,,1
,,1
,,1
,,1
,,1
,,1
,,1
,,1
,,1
,,1
,,1
,,1
,,1
,,1
,,1
,,1
,,1
,,1
,,1
,,1
,,1
,,1
,,1
,,1
,,1
,,1
,,1
,,1
,,1
,,1
,,1
,,1
,,1
,,1
,,1
,,1
,,1
,,1
,,1
,,1
,,1
,,1
,,1
,,1
,,1
,,1
,,1
,,1
,,1
,,1
,,1
,,1
,,1
,,1
,,1
,,1
,,1
,,1
,,1
,,1
,,1
,,1
,,1
,,1
,,1
,,1
,,1
,,1
,,1
,,1
,,1
,,1
,,1
,,1
,,1
,,1
,,1
,,1
,,1
,,1
,,1
,,1
,,1
,,1
,,1
,,1
,,1
,,1
,,1
,,1
,,1
,,1
,,1
,,1
,,1
,,1
,,1
,,1
,,1
,,1
,,1
,,1
,,1
,,1
,,1
,,1
,,1
,,1
,,1
,,1
,,1
,,1
,,1
,,1
,,1
,,1
,,1
,,1
,,1
,,1
,,1
,,1
,,1
,,1
,,1
,,1
,,1
,,1
,,1
,,1
,,1
,,1
,,1
,,1
,,1
,,1
,,1
,,1
,,1
,,1
,,1
,,1
,,1
,,1
,,1
,,1
,,1
,,1
,,1
,,1
,,1
,,1
,,1
,,1
,,1
,,1
,,1
,,1
,,1
,,1
,,1
,,1
,,1
,,1
,,1
,,1
,,1
,,1
,,1
,,1
,,1
,,1
,,1
,,1
,,1
,,1
,,1
,,1
,,1
,,1
,,1
,,1
,,1
,,1
,,1
,,1
,,1
,,1
,,1
,,1
,,1
,,1
,,1
,,1
,,1
,,1
,,1
,,1
,,1
,,1
,,1
,,1
,,1
,,1
,,1
,,1
,,1
,,1
,,1
,,1
,,1
,,1
,,1
,,1
,,1
,,1
,,1
,,1
,,1
,,1
,,1
,,1
,,1
,,1
,,1
,,1
,,1
,,1
,,1
,,1
,,1
,,1
,,1
,,1
,,1
,,1
,,1
,,1
,,1
,,1
,,1
,,1
,,1
,,1
,,1
,,1
,,1
,,1
,,1
,,1
,,1
,,1
,,1
,,1
,,1
,,1
,,1
,,1
,,1
,,1
,,1
,,1
,,1
,,1
,,1
,,1
,,1
,,1
,,1
,,1
,,1
,,1
,,1
,,1
,,1
,,1
,,1
,,1
,,1
,,1
,,1
,,1
,,1
,,1
,,1
,,1
,,1
,,1
,,1
,,1
,,1
,,1
,,1
,,1
,,1
,,1
,,1
,,1
,,1
,,1
,,1
,,1
,,1
,,1
,,1
,,1
,,1
,,1
,,1
,,1
,,1
,,1
,,1
,,1
,,1
,,1
,,1
,,1
,,1
,,1
,,1
,,1
,,1
,,1
,,1
,,1
,,1
,,1
,,1
,,1
,,1
,,1
,,1
,,1
,,1
,,1
,,1
,,1
,,1
,,1
,,1
,,1
,,1
,,1
,,1
,,1
,,1
,,1
,,1
,,1
,,1
,,1
,,1
,,1
,,1
,,1
,,1
,,1
,,1
,,1
,,1
,,1
,,1
,,1
,,1
,,1
,,1
,,1
,,1
,,1
,,1
,,1
,,1
,,1
,,1
,,1
,,1
,,1
,,1
,,1
,,1
,,1
,,1
,,1
,,1
,,1
,,1
,,1
,,1
,,1
,,1
,,1
,,1
,,1
,,1
,,1
,,1
,,1
,,1
,,1
,,1
,,1
,,1
,,1
,,1
,,1
,,1
,,1
,,1
,,1
,,1
,,1
,,1
,,1
,,1
,,1
,,1
,,1
,,1
,,1
,,1
,,1
,,1
,,1
,,1
,,1
,,1
,,1
,,1
,,1
,,1
,,1
,,1
,,1
,,1
,,1
,,1
,,1
,,1
,,1
,,1
,,1
,,1
,,1
,,1
,,1
,,1
,,1
,,1
,,1
,,1
,,1
,,1
,,1
,,1
,,1
,,1
,,1
,,1
,,1
,,1
,,1
,,1
,,1
,,1
,,1
,,1
,,1
,,1
,,1
,,1
,,1
,,1
,,1
,,1
,,1
,,1
,,1
,,1
,,1
,,1
,,1
,,1
,,1
,,1
,,1
,,1
,,1
,,1
,,1
,,1
,,1
,,1
,,1
,,1
,,1
,,1
,,1
,,1
,,1
,,1
,,1
,,1
,,1
,,1
,,1
,,1
,,1
,,1
,,1
,,1
,,1
,,1
,,1
,,1
,,1
,,1
,,1
,,1
,,1
,,1
,,1
,,1
,,1
,,1
,,1
,,1
,,1
,,1
,,1
,,1
,,1
,,1
,,1
,,1
,,1
,,1
,,1
,,1
,,1
,,1
,,1
,,1
,,1
,,1
,,1
,,1
,,1
,,1
,,1
,,1
,,1
,,1
,,1
,,1
,,1
,,1
,,1
,,1
,,1
,,1
,,1
,,1
,,1
,,1
,,1
,,1
,,1
,,1
,,1
,,1
,,1
,,1
,,1
,,1
,,1
,,1
,,1
,,1
,,1
,,1
,,1
,,1
,,1
,,1
,,1
,,1
,,1
,,1
,,1
,,1
,,1
,,1
,,1
,,1
,,1
,,1
,,1
,,1
,,1
,,1
,,1
,,1
,,1
,,1
,,1
,,1
,,1
,,1
,,1
,,1
,,1
,,1
,,1
,,1
,,1
,,1
,,1
,,1
,,1
,,1
,,1
,,1
,,1
,,1
,,1
,,1
,,1
,,1
,,1
,,1
,,1
,,1
,,1
,,1
,,1
,,1
,,1
,,1
,,1
,,1
,,1
,,1
,,1
,,1
,,1
,,1
,,1
,,1
,,1
,,1
,,1
,,1
,,1
,,1
,,1
,,1
,,1
,,1
,,1
,,1
,,1
,,1
,,1
,,1
,,1
,,1
,,1
,,1
,,1
,,1
,,1
,,1
,,1
,,1
,,1
,,1
,,1
,,1
,,1
,,1
,,1
,,1
,,1
,,1
,,1
,,1
,,1
,,1
,,1
,,1
,,1
,,1
,,1
,,1
,,1
,,1
,,1
,,1
,,1
,,1
,,1
,,1
,,1
,,1
,,1
,,1
,,1
,,1
,,1
,,1
,,1
,,1
,,1
,,1
,,1
,,1
,,1
,,1
,,1
,,1
,,1
,,1
,,1
,,1
,,1
,,1
,,1
,,1
,,1
,,1
,,1
,,1
,,1
,,1
,,1
,,1
,,1
,,1
,,1
,,1
,,1
,,1
,,1
,,1
,,1
,,1
,,1
,,1
,,1
,,1
,,1
,,1
,,1
,,1
,,1
,,1
,,1
,,1
,,1
,,1
,,1
,,1
,,1
,,1
,,1
,,1
,,1
,,1
,,1
,,1
,,1
,,1
,,1
,,1
,,1
,,1
,,1
,,1
,,1
,,1
,,1
,,1
,,1
,,1
,,1
,,1
,,1
,,1
,,1
,,1
,,1
,,1
,,1
,,1
,,1
,,1
,,1
,,1
,,1
,,1
,,1
,,1
,,1
,,1
,,1
,,1
,,1
,,1
,,1
,,1
,,1
,,1
,,1
,,1
,,1
,,1
,,1
,,1
,,1
,,1
,,1
,,1
,,1
,,1
,,1
,,1
,,1
,,1
,,1
,,1
,,1
,,1
,,1
,,1
,,1
,,1
,,1
,,1
,,1
,,1
,,1
,,1
,,1
,,1
,,1
,,1
,,1
,,1
,,1
,,1
,,1
,,1
,,1
,,1
,,1
,,1
,,1
,,1
,,1
,,1
,,1
,,1
,,1
,,1
,,1
,,1
,,1
,,1
,,1
,,1
,,1
,,1
,,1
,,1
,,1
,,1
,,1
,,1
,,1
,,1
,,1
,,1
,,1
,,1
,,1
,,1
,,1
,,1
,,1
,,1
,,1
,,1
,,1
,,1
,,1
,,1
,,1
,,1
,,1
,,1
,,1
,,1
,,1
,,1
,,1
,,1
,,1
,,1
,,1
,,1
,,1
,,1
,,1
,,1
,,1
,,1
,,1
,,1
,,1
,,1
,,1
,,1
,,1
,,1
,,1
,,1
,,1
,,1
,,1
,,1
,,1
,,1
,,1
,,1
,,1
,,1
,,1
,,1
,,1
,,1
,,1
,,1
,,1
,,1
,,1
,,1
,,1
,,1
,,1
,,1
,,1
,,1
,,1
,,1
,,1
,,1
,,1
,,1
,,1
,,1
,,1
,,1
,,1
,,1
,,1
,,1
,,1
,,1
,,1
,,1
,,1
,,1
,,1
,,1
,,1
,,1
,,1
,,1
,,1
,,1
,,1
,,1
,,1
,,1
,,1
,,1
,,1
,,1
,,1
,,1
,,1
,,1
,,1
,,1
,,1
,,1
,,1
,,1
,,1
,,1
,,1
,,1
,,1
,,1
,,1
,,1
,,1
,,1
,,1
,,1
,,1
,,1
,,1
,,1
,,1
,,1
,,1
,,1
,,1
,,1
,,1
,,1
,,1
,,1
,,1
,,1
,,1
,,1
,,1
,,1
,,1
,,1
,,1
,,1
,,1
,,1
,,1
,,1
,,1
,,1
,,1
,,1
,,1
,,1
,,1
,,1
,,1
,,1
,,1
,,1
,,1
,,1
,,1
,,1
,,1
,,1
,,1
,,1
,,1
,,1
,,1
,,1
,,1
,,1
,,1
,,1
,,1
,,1
,,1
,,1
,,1
,,1
,,1
,,1
,,1
,,1
,,1
,,1
,,1
,,1
,,1
,,1
,,1
,,1
,,1
,,1
,,1
,,1
,,1
,,1
,,1
,,1
,,1
,,1
,,1
,,1
,,1
,,1
,,1
,,1
,,1
,,1
,,1
,,1
,,1
,,1
,,1
,,1
,,1
,,1
,,1
,,1
,,1
,,1
,,1
,,1
,,1
,,1
,,1
,,1
,,1
,,1
,,1
,,1
,,1
,,1
,,1
,,1
,,1
,,1
,,1
,,1
,,1
,,1
,,1
,,1
,,1
,,1
,,1
,,1
,,1
,,1
,,1
,,1
,,1
,,1
,,1
,,1
,,1
,,1
,,1
,,1
,,1
,,1
,,1
,,1
,,1
,,1
,,1
,,1
,,1
,,1
,,1
,,1
,,1
,,1
,,1
,,1
,,1
,,1
,,1
,,1
,,1
,,1
,,1
,,1
,,1
,,1
,,1
,,1
,,1
,,1
,,1
,,1
,,1
,,1
,,1
,,1
,,1
,,1
,,1
,,1
,,1
,,1
,,1
,,1
,,1
,,1
,,1
,,1
,,1
,,1
,,1
,,1
,,1
,,1
,,1
,,1
,,1
,,1
,,1
,,1
,,1
,,1
,,1
,,1
,,1
,,1
,,1
,,1
,,1
,,1
,,1
,,1
,,1
,,1
,,1
,,1
,,1
,,1
,,1
,,1
,,1
,,1
,,1
,,1
,,1
,,1
,,1
,,1
,,1
,,1
,,1
,,1
,,1
,,1
,,1
,,1
,,1
,,1
,,1
,,1
,,1
,,1
,,1
,,1
,,1
,,1
,,1
,,1
,,1
,,1
,,1
,,1
,,1
,,1
,,1
,,1
,,1
,,1
,,1
,,1
,,1
,,1
,,1
,,1
,,1
,,1
,,1
,,1
,,1
,,1
,,1
,,1
,,1
,,1
,,1
,,1
,,1
,,1
,,1
,,1
,,1
,,1
,,1
,,1
,,1
,,1
,,1
,,1
,,1
,,1
,,1
,,1
,,1
,,1
,,1
,,1
,,1
,,1
,,1
,,1
,,1
,,1
,,1
,,1
,,1
,,1
,,1
,,1
,,1
,,1
,,1
,,1
,,1
,,1
,,1
,,1
,,1
,,1
,,1
,,1
,,1
,,1
,,1
,,1
,,1
,,1
,,1
,,1
,,1
,,1
,,1
,,1
,,1
,,1
,,1
,,1
,,1
,,1
,,1
,,1
,,1
,,1
,,1
,,1
,,1
,,1
,,1
,,1
,,1
,,1
,,1
,,1
,,1
,,1
,,1
,,1
,,1
,,1
,,1
,,1
,,1
,,1
,,1
,,1
,,1
,,1
,,1
,,1
,,1
,,1
,,1
,,1
,,1
,,1
,,1
,,1
,,1
,,1
,,1
,,1
,,1
,,1
,,1
,,1
,,1
,,1
,,1
,,1
,,1
,,1
,,1
,,1
,,1
,,1
,,1
,,1
,,1
,,1
,,1
,,1
,,1
,,1
,,1
,,1
,,1
,,1
,,1
,,1
,,1
,,1
,,1
,,1
,,1
,,1
,,1
,,1
,,1
,,1
,,1
,,1
,,1
,,1
,,1
,,1
,,1
,,1
,,1
,,1
,,1
,,1
,,1
,,1
,,1
,,1
,,1
,,1
,,1
,,1
,,1
,,1
,,1
,,1
,,1
,,1
,,1
,,1
,,1
,,1
,,1
,,1
,,1
,,1
,,1
,,1
,,1
,,1
,,1
,,1
,,1
,,1
,,1
,,1
,,1
,,1
,,1
,,1
,,1
,,1
,,1
,,1
,,1
,,1
,,1
,,1
,,1
,,1
,,1
,,1
,,1
,,1
,,1
,,1
,,1
,,1
,,1
,,1
,,1
,,1
,,1
,,1
,,1
,,1
,,1
,,1
,,1
,,1
,,1
,,1
,,1
,,1
,,1
,,1
,,1
,,1
,,1
,,1
,,1
,,1
,,1
,,1
,,1
,,1
,,1
,,1
,,1
,,1
,,1
,,1
,,1
,,1
,,1
,,1
,,1
,,1
,,1
,,1
,,1
,,1
,,1
,,1
,,1
,,1
,,1
,,1
,,1
,,1
,,1
,,1
,,1
,,1
,,1
,,1
,,1
,,1
,,1
,,1
,,1
,,1
,,1
,,1
,,1
,,1
,,1
,,1
,,1
,,1
,,1
,,1
,,1
,,1
,,1
,,1
,,1
,,1
,,1
,,1
,,1
,,1
,,1
,,1
,,1
,,1
,,1
,,1
,,1
,,1
,,1
,,1
,,1
,,1
,,1
,,1
,,1
,,1
,,1
,,1
,,1
,,1
,,1
,,1
,,1
,,1
,,1
,,1
,,1
,,1
,,1
,,1
,,1
,,1
,,1
,,1
,,1
,,1
,,1
,,1
,,1
,,1
,,1
,,1
,,1
,,1
,,1
,,1
,,1
,,1
,,1
,,1
,,1
,,1
,,1
,,1
,,1
,,1
,,1
,,1
,,1
,,1
,,1
,,1
,,1
,,1
,,1
,,1
,,1
,,1
,,1
,,1
,,1
,,1
,,1
,,1
,,1
,,1
,,1
,,1
,,1
,,1
,,1
,,1
,,1
,,1
,,1
,,1
,,1
,,1
,,1
,,1
,,1
,,1
,,1
,,1
,,1
,,1
,,1
,,1
,,1
,,1
,,1
,,1
,,1
,,1
,,1
,,1
,,1
,,1
,,1
,,1
,,1
,,1
,,1
,,1
,,1
,,1
,,1
,,1
,,1
,,1
,,1
,,1
,,1
,,1
,,1
,,1
,,1
,,1
,,1
,,1
,,1
,,1
,,1
,,1
,,1
,,1
,,1
,,1
,,1
,,1
,,1
,,1
,,1
,,1
,,1
,,1
,,1
,,1
,,1
,,1
,,1
,,1
,,1
,,1
,,1
,,1
,,1
,,1
,,1
,,1
,,1
,,1
,,1
,,1
,,1
,,1
,,1
,,1
,,1
,,1
,,1
,,1
,,1
,,1
,,1
,,1
,,1
,,1
,,1
,,1
,,1
,,1
,,1
,,1
,,1
,,1
,,1
,,1
,,1
,,1
,,1
,,1
,,1
,,1
,,1
,,1
,,1
,,1
,,1
,,1
,,1
,,1
,,1
,,1
,,1
,,1
,,1
,,1
,,1
,,1
,,1
,,1
,,1
,,1
,,1
,,1
,,1
,,1
,,1
,,1
,,1
,,1
,,1
,,1
,,1
,,1
,,1
,,1
,,1
,,1
,,1
,,1
,,1
,,1
,,1
,,1
,,1
,,1
,,1
,,1
,,1
,,1
,,1
,,1
,,1
,,1
,,1
,,1
,,1
,,1
,,1
,,1
,,1
,,1
,,1
,,1
,,1
,,1
,,1
,,1
,,1
,,1
,,1
,,1
,,1
,,1
,,1
,,1
,,1
,,1
,,1
,,1
,,1
,,1
,,1
,,1
,,1
,,1
,,1
,,1
,,1
,,1
,,1
,,1
,,1
,,1
,,1
,,1
,,1
,,1
,,1
,,1
,,1
,,1
,,1
,,1
,,1
,,1
,,1
,,1
,,1
,,1
,,1
,,1
,,1
,,1
,,1
,,1
,,1
,,1
,,1
,,1
,,1
,,1
,,1
,,1
,,1
,,1
,,1
,,1
,,1
,,1
,,1
,,1
,,1
,,1
,,1
,,1
,,1
,,1
,,1
,,1
,,1
,,1
,,1
,,1
,,1
,,1
,,1
,,1
,,1
,,1
,,1
,,1
,,1
,,1
,,1
,,1
,,1
,,1
,,1
,,1
,,1
,,1
,,1
,,1
,,1
,,1
,,1
,,1
,,1
,,1
,,1
,,1
,,1
,,1
,,1
,,1
,,1
,,1
,,1
,,1
,,1
,,1
,,1
,,1
,,1
,,1
,,1
,,1
,,1
,,1
,,1
,,1
,,1
,,1
,,1
,,1
,,1
,,1
,,1
,,1
,,1
,,1
,,1
,,1
,,1
,,1
,,1
,,1
,,1
,,1
,,1
,,1
,,1
,,1
,,1
,,1
,,1
,,1
,,1
,,1
,,1
,,1
,,1
,,1
,,1
,,1
,,1
,,1
,,1
,,1
,,1
,,1
,,1
,,1
,,1
,,1
,,1
,,1
,,1
,,1
,,1
,,1
,,1
,,1
,,1
,,1
,,1
,,1
,,1
,,1
,,1
,,1
,,1
,,1
,,1
,,1
,,1
,,1
,,1
,,1
,,1
,,1
,,1
,,1
,,1
,,1
,,1
,,1
,,1
,,1
,,1
,,1
,,1
,,1
,,1
,,1
,,1
,,1
,,1
,,1
,,1
,,1
,,1
,,1
,,1
,,1
,,1
,,1
,,1
,,1
,,1
,,1
,,1
,,1
,,1
,,1
,,1
,,1
,,1
,,1
,,1
,,1
,,1
,,1
,,1
,,1
,,1
,,1
,,1
,,1
,,1
,,1
,,1
,,1
,,1
,,1
,,1
,,1
,,1
,,1
,,1
,,1
,,1
,,1
,,1
,,1
,,1
,,1
,,1
,,1
,,1
,,1
,,1
,,1
,,1
,,1
,,1
,,1
,,1
,,1
,,1
,,1
,,1
,,1
,,1
,,1
,,1
,,1
,,1
,,1
,,1
,,1
,,1
,,1
,,1
,,1
,,1
,,1
,,1
,,1
,,1
,,1
,,1
,,1
,,1
,,1
,,1
,,1
,,1
,,1
,,1
,,1
,,1
,,1
,,1
,,1
,,1
,,1
,,1
,,1
,,1
,,1
,,1
,,1
,,1
,,1
,,1
,,1
,,1
,,1
,,1
,,1
,,1
,,1
,,1
,,1
,,1
,,1
,,1
,,1
,,1
,,1
,,1
,,1
,,1
,,1
,,1
,,1
,,1
,,1
,,1
,,1
,,1
,,1
,,1
,,1
,,1
,,1
,,1
,,1
,,1
,,1
,,1
,,1
,,1
,,1
,,1
,,1
,,1
,,1
,,1
,,1
,,1
,,1
,,1
,,1
,,1
,,1
,,1
,,1
,,1
,,1
,,1
,,1
,,1
,,1
,,1
,,1
,,1
,,1
,,1
,,1
,,1
,,1
,,1
,,1
,,1
,,1
,,1
,,1
,,1
,,1
,,1
,,1
,,1
,,1
,,1
,,1
,,1
,,1
,,1
,,1
,,1
,,1
,,1
,,1
,,1
,,1
,,1
,,1
,,1
,,1
,,1
,,1
,,1
,,1
,,1
,,1
,,1
,,1
,,1
,,1
,,1
,,1
,,1
,,1
,,1
,,1
,,1
,,1
,,1
,,1
,,1
,,1
,,1
,,1
,,1
,,1
,,1
,,1
,,1
,,1
,,1
,,1
,,1
,,1
,,1
,,1
,,1
,,1
,,1
,,1
,,1
,,1
,,1
,,1
,,1
,,1
,,1
,,1
,,1
,,1
,,1
,,1
,,1
,,1
,,1
,,1
,,1
,,1
,,1
,,1
,,1
,,1
,,1
,,1
,,1
,,1
,,1
,,1
,,1
,,1
,,1
,,1
,,1
,,1
,,1
,,1
,,1
,,1
,,1
,,1
,,1
,,1
,,1
,,1
,,1
,,1
,,1
,,1
,,1
,,1
,,1
,,1
,,1
,,1
,,1
,,1
,,1
,,1
,,1
,,1
,,1
,,1
,,1
,,1
,,1
,,1
,,1
,,1
,,1
,,1
,,1
,,1
,,1
,,1
,,1
,,1
,,1
,,1
,,1
,,1
,,1
,,1
,,1
,,1
,,1
,,1
,,1
,,1
,,1
,,1
,,1
,,1
,,1
,,1
,,1
,,1
,,1
,,1
,,1
,,1
,,1
,,1
,,1
,,1
,,1
,,1
,,1
,,1
,,1
,,1
,,1
,,1
,,1
,,1
,,1
,,1
,,1
,,1
,,1
,,1
,,1
,,1
,,1
,,1
,,1
,,1
,,1
,,1
,,1
,,1
,,1
,,1
,,1
,,1
,,1
,,1
,,1
,,1
,,1
,,1
,,1
,,1
,,1
,,1
,,1
,,1
,,1
,,1
,,1
,,1
,,1
,,1
,,1
,,1
,,1
,,1
,,1
,,1
,,1
,,1
,,1
,,1
,,1
,,1
,,1
,,1
,,1
,,1
,,1
,,1
,,1
,,1
,,1
,,1
,,1
,,1
,,1
,,1
,,1
,,1
,,1
,,1
,,1
,,1
,,1
,,1
,,1
,,1
,,1
,,1
,,1
,,1
,,1
,,1
,,1
,,1
,,1
,,1
,,1
,,1
,,1
,,1
,,1
,,1
,,1
,,1
,,1
,,1
,,1
,,1
,,1
,,1
,,1
,,1
,,1
,,1
,,1
,,1
,,1
,,1
,,1
,,1
,,1
,,1
,,1
,,1
,,1
,,1
,,1
,,1
,,1
,,1
,,1
,,1
,,1
,,1
,,1
,,1
,,1
,,1
,,1
,,1
,,1
,,1
,,1
,,1
,,1
,,1
,,1
,,1
,,1
,,1
,,1
,,1
,,1
,,1
,,1
,,1
,,1
,,1
,,1
,,1
,,1
,,1
,,1
,,1
,,1
,,1
,,1
,,1
,,1
,,1
,,1
,,1
,,1
,,1
,,1
,,1
,,1
,,1
,,1
,,1
,,1
,,1
,,1
,,1
,,1
,,1
,,1
,,1
,,1
,,1
,,1
,,1
,,1
,,1
,,1
,,1
,,1
,,1
,,1
,,1
,,1
,,1
,,1
,,1
,,1
,,1
,,1
,,1
,,1
,,1
,,1
,,1
,,1
,,1
,,1
,,1
,,1
,,1
,,1
,,1
,,1
,,1
,,1
,,1
,,1
,,1
,,1
,,1
,,1
,,1
,,1
,,1
,,1
,,1
,,1
,,1
,,1
,,1
,,1
,,1
,,1
,,1
,,1
,,1
,,1
,,1
,,1
,,1
,,1
,,1
,,1
,,1
,,1
,,1
,,1
,,1
,,1
,,1
,,1
,,1
,,1
,,1
,,1
,,1
,,1
,,1
,,1
,,1
,,1
,,1
,,1
,,1
,,1
,,1
,,1
,,1
,,1
,,1
,,1
,,1
,,1
,,1
,,1
,,1
,,1
,,1
,,1
,,1
,,1
,,1
,,1
,,1
,,1
,,1
,,1
,,1
,,1
,,1
,,1
,,1
,,1
,,1
,,1
,,1
,,1
,,1
,,1
,,1
,,1
,,1
,,1
,,1
,,1
,,1
,,1
,,1
,,1
,,1
,,1
,,1
,,1
,,1
,,1
,,1
,,1
,,1
,,1
,,1
,,1
,,1
,,1
,,1
,,1
,,1
,,1
,,1
,,1
,,1
,,1
,,1
,,1
,,1
,,1